SampleID	FT_infant_stool	adult_oral	adult_skin	adult_stool	vaginal	Unknown
11712.SUBJECT42.SKIN.994	0.012199999999999999	0.16099999999999998	0.5092	0.04579999999999999	0.16639999999999994	0.10539999999999998
11712.SUBJECT7.SKIN.1110	0.0008	0.004400000000000001	0.9924000000000002	0.0	0.0024000000000000002	0.0
11713.5.O.5B	0.035	0.01	0.045599999999999995	0.13340000000000002	0.0008	0.7752000000000001
11712.SUBJECT31.ORAL.699	0.0032	0.0084	0.6731999999999999	0.004399999999999999	0.19519999999999998	0.1156
11712.SUBJECT10.ORAL.35	0.0006000000000000001	0.9718	0.0252	0.0016	0.0004	0.0004
11713.22.O.22E	0.0036000000000000003	0.0008	0.9408000000000001	0.018399999999999996	0.0026000000000000007	0.033800000000000004
11712.SUBJECT20.SKIN.409	0.0030000000000000005	0.2334	0.21559999999999996	0.005200000000000001	0.0004	0.5424
11712.SUBJECT41.STOOL.978	0.9964000000000001	0.0008	0.0020000000000000005	0.0	0.0008	0.0
11712.SUBJECT30.ORAL.646	0.002	0.0038	0.992	0.0	0.0021999999999999997	0.0
11712.SUBJECT12.ORAL.64	0.003	0.0116	0.44400000000000006	0.05720000000000001	0.0024000000000000002	0.48179999999999995
11712.SUBJECT34.STOOL.745	0.8896000000000001	0.0021999999999999997	0.018799999999999997	0.0054	0.0004	0.08359999999999998
11712.SUBJECT20.ORAL.391	0.0346	0.0326	0.0274	0.2504	0.0004	0.6546000000000001
11712.SUBJECT16.SKIN.172	0.009	0.0506	0.5146	0.029200000000000004	0.1276	0.269
11712.SUBJECT2.ORAL.381	0.005	0.0358	0.5938000000000001	0.0032	0.0012000000000000001	0.36100000000000004
11712.SUBJECT12.SKIN.83	0.0016	0.0006000000000000001	0.9945999999999999	0.0	0.0018000000000000002	0.0014
11712.SUBJECT31.STOOL.705	0.0372	0.1744	0.7706000000000001	0.0174	0.0004	0.0
11712.SUBJECT34.SKIN.739	0.0126	0.020399999999999998	0.8809999999999999	0.0018000000000000002	0.0264	0.057800000000000004
11712.SUBJECT41.ORAL.946	0.0	0.9838000000000001	0.0158	0.0	0.0002	0.0002
11712.SUBJECT19.ORAL.338	0.0012000000000000001	0.9734	0.023399999999999997	0.0016	0.0004	0.0
11712.SUBJECT20.ORAL.396	0.0022	0.9809999999999999	0.016000000000000004	0.0002	0.0006000000000000001	0.0
11712.SUBJECT12.SKIN.84	0.0021999999999999997	0.0016	0.9914000000000002	0.0002	0.0018000000000000002	0.0028000000000000004
11712.SUBJECT38.STOOL.822	0.137	0.3568	0.485	0.0212	0.0	0.0
11712.SUBJECT31.STOOL.702	0.6812	0.022399999999999996	0.22460000000000005	0.007600000000000001	0.005800000000000001	0.05840000000000001
11712.SUBJECT37.ORAL.790	0.0008	0.1326	0.724	0.0	0.0118	0.13080000000000003
11712.SUBJECT15.SKIN.149	0.0008	0.04959999999999999	0.327	0.005799999999999999	0.6115999999999999	0.005200000000000001
11712.SUBJECT28.SKIN.599	0.0002	0.001	0.8026	0.0034000000000000002	0.0264	0.1664
11712.SUBJECT22.STOOL.479	0.0	0.9965999999999999	0.0022	0.0	0.0006000000000000001	0.0006000000000000001
11712.SUBJECT17.STOOL.260	0.0066	0.0038000000000000004	0.0058000000000000005	0.030000000000000006	0.0046	0.9492
11713.5.O.5E	0.0038000000000000004	0.0006000000000000001	0.9862	0.0038000000000000004	0.0024000000000000002	0.0032
11713.22.O.22B	0.034600000000000006	0.016800000000000002	0.046	0.1206	0.0024000000000000002	0.7796000000000001
11712.SUBJECT10.ORAL.32	0.036799999999999986	0.3806	0.4022	0.016800000000000002	0.0012000000000000001	0.1624
11712.SUBJECT34.SKIN.742	0.0002	0.0020000000000000005	0.8676	0.0002	0.1254	0.0046
11712.SUBJECT25.SKIN.540	0.0018000000000000002	0.0002	0.9902000000000001	0.004400000000000001	0.003	0.0004
11712.SUBJECT9.ORAL.1169	0.0288	0.036199999999999996	0.78	0.0027999999999999995	0.0578	0.09439999999999998
11712.SUBJECT21.ORAL.443	0.0026000000000000003	0.9603999999999999	0.0202	0.008600000000000002	0.007200000000000001	0.001
11712.SUBJECT30.ORAL.641	0.0014	0.0	0.9938	0.0	0.0042	0.0006000000000000001
11712.SUBJECT21.STOOL.463	0.9924	0.0	0.007200000000000001	0.0	0.0004	0.0
11712.SUBJECT20.STOOL.420	0.04279999999999999	0.0836	0.09619999999999998	0.009600000000000001	0.0008	0.767
11713.22.S.22E	0.0020000000000000005	0.0	0.9955999999999999	0.0	0.0024000000000000002	0.0
11713.1.S.1G	0.0006000000000000001	0.0	0.9378000000000002	0.0004	0.008600000000000002	0.0526
11712.SUBJECT40.SKIN.902	0.0066	0.35019999999999996	0.2892	0.0066	0.014799999999999999	0.3326
11712.SUBJECT28.SKIN.597	0.0002	0.0002	0.8433999999999999	0.0	0.0098	0.14639999999999997
11712.SUBJECT22.STOOL.477	0.005200000000000001	0.0284	0.0228	0.0012000000000000001	0.0020000000000000005	0.9404
11712.SUBJECT23.SKIN.491	0.0008	0.013999999999999999	0.06920000000000001	0.0002	0.0102	0.9056
11712.SUBJECT10.STOOL.52	0.0352	0.8577999999999999	0.055600000000000004	0.0052	0.0014	0.04479999999999999
11712.SUBJECT31.ORAL.690	0.001	0.0002	0.8862	0.0	0.0106	0.10200000000000001
11712.SUBJECT19.STOOL.364	0.1056	0.04359999999999999	0.034199999999999994	0.011600000000000001	0.0014	0.8036
11712.SUBJECT43.ORAL.1024	0.6784000000000001	0.0002	0.2274	0.007600000000000001	0.0012000000000000001	0.08520000000000001
11712.SUBJECT9.ORAL.1167	0.2794	0.491	0.12399999999999997	0.0054	0.009799999999999998	0.09039999999999998
11712.SUBJECT11.ORAL.55	0.001	0.7386000000000001	0.21039999999999998	0.0006000000000000001	0.0028000000000000004	0.046599999999999996
11712.SUBJECT13.SKIN.111	0.0026000000000000003	0.4212000000000001	0.1016	0.012400000000000001	0.30219999999999997	0.15999999999999998
11712.SUBJECT33.STOOL.727	0.9599999999999997	0.0004	0.0078	0.0004	0.004200000000000001	0.027200000000000002
11712.SUBJECT41.STOOL.971	0.9950000000000001	0.0036000000000000003	0.0006000000000000001	0.0002	0.0006000000000000001	0.0
11713.25.F.25A	0.0024000000000000002	0.0002	0.9485999999999999	0.007200000000000001	0.0028	0.038799999999999994
11712.SUBJECT23.STOOL.499	0.08979999999999998	0.04279999999999999	0.025	0.09939999999999999	0.009799999999999998	0.7332
11712.SUBJECT18.STOOL.320	0.0018000000000000002	0.0012000000000000001	0.9538000000000002	0.0004	0.0042	0.03859999999999999
11712.SUBJECT14.SKIN.132	0.0058000000000000005	0.015000000000000003	0.9722	0.0004	0.004000000000000001	0.0026000000000000007
11712.SUBJECT20.SKIN.407	0.008	0.0208	0.33440000000000003	0.0036000000000000003	0.04079999999999999	0.5923999999999998
11713.3.F.3A	0.6488	0.0008	0.033600000000000005	0.0004	0.31120000000000003	0.005200000000000001
11712.SUBJECT30.ORAL.648	0.0018000000000000002	0.31679999999999997	0.6779999999999999	0.0016	0.0018000000000000002	0.0
11712.SUBJECT20.STOOL.427	0.9668000000000001	0.015000000000000003	0.0118	0.004	0.0008	0.0016
11713.22.S.22B	0.0002	0.0	0.34639999999999993	0.009	0.0014	0.643
11712.SUBJECT34.SKIN.737	0.08779999999999998	0.039	0.8511999999999998	0.0018000000000000002	0.0027999999999999995	0.017400000000000002
11712.SUBJECT40.SKIN.905	0.0012000000000000001	0.0006000000000000001	0.9864	0.0	0.0044	0.007399999999999999
11712.SUBJECT21.ORAL.436	0.09919999999999998	0.17519999999999997	0.046	0.17019999999999996	0.2182	0.2912
11712.SUBJECT19.ORAL.336	0.0	0.9827999999999999	0.016800000000000002	0.0	0.0004	0.0
11712.SUBJECT23.SKIN.496	0.0004	0.0004	0.9928000000000001	0.0006000000000000001	0.0038000000000000004	0.0020000000000000005
11712.SUBJECT10.SKIN.44	0.0002	0.0002	0.9948	0.0	0.0046	0.0002
11713.15.O.15C	0.0030000000000000005	0.0004	0.066	0.0164	0.0028	0.9114000000000002
11713.18.F.18B	0.0002	0.0	0.9972	0.0	0.0026000000000000003	0.0
11713.16.O.16A	0.0038000000000000004	0.014799999999999999	0.0378	0.20459999999999998	0.0006000000000000001	0.7383999999999998
11713.4.S.4C	0.0004	0.0	0.6606	0.0022000000000000006	0.0021999999999999997	0.33460000000000006
11713.10.O.10E	0.0008	0.0	0.9958	0.0	0.0032	0.0002
11712.SUBJECT36.STOOL.784	0.5518	0.010400000000000001	0.0098	0.0064	0.0002	0.42139999999999994
11712.SUBJECT40.ORAL.886	0.0	0.985	0.014000000000000004	0.0004	0.0004	0.0002
11712.SUBJECT8.ORAL.1116	0.008799999999999999	0.9309999999999998	0.049199999999999994	0.0002	0.0030000000000000005	0.007800000000000001
11712.SUBJECT30.STOOL.688	0.01	0.06620000000000001	0.0252	0.0018000000000000002	0.0038000000000000004	0.893
11712.SUBJECT2.STOOL.390	0.019200000000000002	0.501	0.45360000000000006	0.0116	0.0012000000000000001	0.0134
11712.SUBJECT2.SKIN.385	0.002	0.7062000000000002	0.17539999999999997	0.012000000000000002	0.0008	0.1036
11712.SUBJECT10.SKIN.38	0.10200000000000001	0.025	0.0032	0.34040000000000004	0.0006000000000000001	0.5288000000000002
11712.SUBJECT1.ORAL.6	0.0002	0.9196	0.078	0.0002	0.0014	0.0006000000000000001
11712.SUBJECT36.ORAL.773	0.0068000000000000005	0.8766	0.022799999999999994	0.0002	0.0012000000000000001	0.09239999999999998
11712.SUBJECT1.STOOL.24	0.007799999999999999	0.0	0.0018000000000000002	0.0002	0.0006000000000000001	0.9895999999999999
11712.SUBJECT43.SKIN.1046	0.0	0.0002	0.8433999999999999	0.0	0.0016	0.1548
11712.SUBJECT8.SKIN.1146	0.2696	0.0048000000000000004	0.0628	0.0026000000000000003	0.5626	0.09759999999999999
11712.SUBJECT29.STOOL.618	0.09159999999999999	0.0014	0.0028	0.8979999999999999	0.0004	0.0058000000000000005
11712.SUBJECT9.STOOL.1211	0.003400000000000001	0.0004	0.9826	0.0068000000000000005	0.0046	0.0022
11712.SUBJECT42.SKIN.1005	0.0098	0.3322	0.6044	0.010600000000000002	0.0406	0.0024000000000000002
11712.SUBJECT42.ORAL.990	0.0014	0.7474000000000001	0.2486	0.001	0.0016	0.0
11712.SUBJECT4.ORAL.845	0.0252	0.8102	0.1552	0.0094	0.0	0.0
11712.SUBJECT21.STOOL.456	0.0764	0.007400000000000001	0.030800000000000004	0.6554	0.040799999999999996	0.18919999999999998
11712.SUBJECT21.SKIN.447	0.0248	0.157	0.2472	0.06340000000000001	0.12639999999999998	0.38120000000000004
11712.SUBJECT36.ORAL.774	0.0016	0.6890000000000002	0.205	0.0016	0.0224	0.0804
11712.SUBJECT27.ORAL.576	0.0	0.9856000000000001	0.012799999999999997	0.0004	0.0004	0.0008
11712.SUBJECT1.STOOL.23	0.0004	0.0038	0.0162	0.0004	0.001	0.9781999999999998
11712.SUBJECT42.SKIN.1002	0.001	0.0002	0.9903999999999998	0.0036000000000000003	0.0038000000000000004	0.001
11712.SUBJECT4.ORAL.842	0.0142	0.9349999999999999	0.039799999999999995	0.0106	0.0	0.0004
11712.SUBJECT10.SKIN.43	0.0028000000000000004	0.0008	0.9882	0.0002	0.004000000000000001	0.003999999999999999
11713.15.O.15D	0.0206	0.016200000000000003	0.016999999999999998	0.11340000000000001	0.0008	0.8320000000000001
11713.4.S.4D	0.0016	0.01	0.8286	0.0104	0.003	0.14639999999999997
11713.16.O.16F	0.0016	0.0004	0.9757999999999999	0.009600000000000001	0.003	0.009600000000000001
11712.SUBJECT29.SKIN.616	0.0006000000000000001	0.001	0.9958	0.0	0.0024000000000000002	0.0002
11713.10.O.10B	0.0528	0.005000000000000001	0.1214	0.13540000000000002	0.0058000000000000005	0.6796
11712.SUBJECT36.STOOL.783	0.009600000000000001	0.0	0.23640000000000003	0.0	0.0012000000000000001	0.7527999999999999
11712.SUBJECT11.SKIN.58	0.0078	0.05720000000000001	0.433	0.0162	0.020399999999999995	0.4654000000000001
11712.SUBJECT22.SKIN.475	0.021400000000000002	0.055400000000000005	0.8404000000000001	0.00020000000000000004	0.006200000000000001	0.07640000000000002
11712.SUBJECT19.SKIN.349	0.028199999999999996	0.311	0.35540000000000005	0.0002	0.0018000000000000002	0.3034
11712.SUBJECT21.SKIN.449	0.0368	0.6278	0.0258	0.0012000000000000001	0.0196	0.2888
11713.15.S.15C	0.0024000000000000002	0.0002	0.9378	0.005799999999999999	0.0036000000000000003	0.0502
11712.SUBJECT21.STOOL.458	0.9922000000000001	0.0	0.006200000000000001	0.0008	0.0008	0.0
11712.SUBJECT4.STOOL.864	0.0016	0.0028000000000000004	0.15899999999999997	0.0	0.0038000000000000004	0.8328
11713.16.S.16A	0.009	0.0022000000000000006	0.045399999999999996	0.007599999999999998	0.0006000000000000001	0.9351999999999998
11713.5.F.5C	0.0002	0.0	0.9965999999999999	0.0	0.0030000000000000005	0.0002
11712.SUBJECT38.SKIN.814	0.001	0.0008	0.9962	0.0	0.0018000000000000002	0.0002
11713.10.S.10E	0.0006000000000000001	0.0	0.9366	0.0	0.0018000000000000002	0.06100000000000001
11712.SUBJECT1.SKIN.12	0.0008	0.008200000000000002	0.5174	0.0048000000000000004	0.0014	0.4673999999999999
11713.17.F.17A	0.020399999999999998	0.020999999999999998	0.030400000000000003	0.08559999999999998	0.0004	0.8422000000000001
11712.SUBJECT34.ORAL.734	0.0027999999999999995	0.9691999999999998	0.024600000000000004	0.003	0.0	0.0004
11712.SUBJECT8.SKIN.1133	0.0014	0.0004	0.9904	0.0002	0.006799999999999999	0.0008
11712.SUBJECT30.STOOL.681	0.011	0.8855999999999999	0.038400000000000004	0.004	0.0006000000000000001	0.06040000000000001
11712.SUBJECT17.SKIN.225	0.013800000000000002	0.0028000000000000004	0.7796000000000001	0.011600000000000001	0.09439999999999998	0.09779999999999998
11713.17.F.17F	0.0404	0.018799999999999997	0.028000000000000004	0.23979999999999996	0.0	0.673
11712.SUBJECT1.SKIN.15	0.0006000000000000001	0.0004	0.9888	0.0002	0.0028000000000000004	0.007200000000000001
11712.SUBJECT25.ORAL.531	0.0	0.9878	0.011400000000000002	0.0002	0.0004	0.0002
11712.SUBJECT34.ORAL.733	0.004	0.9686	0.024200000000000003	0.0032	0.0	0.0
11713.11.F.11B	0.3126	0.0046	0.0162	0.05399999999999999	0.001	0.6115999999999999
11712.SUBJECT22.SKIN.472	0.0116	0.08080000000000001	0.7448	0.0010000000000000002	0.0546	0.1072
11712.SUBJECT27.STOOL.582	0.9884000000000001	0.0	0.008600000000000002	0.0002	0.0014	0.0014
11713.15.S.15D	0.0026	0.0048000000000000004	0.8220000000000001	0.0166	0.0030000000000000005	0.15099999999999997
11713.16.S.16F	0.022000000000000002	0.001	0.6762	0.045799999999999993	0.0028000000000000004	0.2522
11712.SUBJECT4.STOOL.863	0.6274000000000001	0.2648	0.0058000000000000005	0.0016	0.0014000000000000002	0.09899999999999999
11713.5.F.5D	0.16479999999999997	0.0	0.8221999999999999	0.010000000000000002	0.0016	0.0014
11713.10.S.10B	0.001	0.0004	0.5428000000000001	0.009600000000000001	0.0006000000000000001	0.44560000000000005
11712.SUBJECT38.SKIN.813	0.0016	0.08499999999999999	0.8826	0.0006000000000000001	0.0032	0.027000000000000003
11712.SUBJECT8.SKIN.1148	0.0012000000000000001	0.0	0.9932000000000001	0.0	0.005600000000000001	0.0
11713.18.S.18D	0.0014	0.0006000000000000001	0.9772000000000001	0.006999999999999999	0.009200000000000002	0.0046
11712.SUBJECT14.STOOL.140	0.8790000000000001	0.047	0.007000000000000001	0.0024000000000000002	0.0014	0.0632
11712.SUBJECT23.ORAL.483	0.0	0.9878	0.011600000000000003	0.0	0.0006000000000000001	0.0
11712.SUBJECT28.ORAL.585	0.4053999999999999	0.0848	0.09599999999999999	0.07139999999999999	0.008400000000000001	0.33399999999999996
11712.SUBJECT27.SKIN.580	0.9389999999999998	0.0020000000000000005	0.055799999999999995	0.0006000000000000001	0.0020000000000000005	0.0006000000000000001
11712.SUBJECT8.STOOL.1161	0.9920000000000002	0.0012000000000000001	0.0064	0.0	0.0004	0.0
11713.17.O.17G	0.0006000000000000001	0.0	0.9936	0.0020000000000000005	0.0034000000000000002	0.0004
11713.12.O.12A	0.0986	0.0016	0.10659999999999999	0.18439999999999995	0.17259999999999998	0.43620000000000003
11713.5.S.5C	0.0016	0.0006000000000000001	0.9902	0.0004	0.0026000000000000003	0.004600000000000001
11713.11.O.11C	0.0008	0.0002	0.9818	0.004800000000000001	0.004000000000000001	0.0084
11712.SUBJECT26.ORAL.560	0.9889999999999999	0.0	0.0084	0.0002	0.0012000000000000001	0.0012000000000000001
11712.SUBJECT35.ORAL.757	0.004399999999999999	0.9644	0.028000000000000004	0.0027999999999999995	0.0004	0.0
11712.SUBJECT42.ORAL.988	0.4724000000000001	0.0	0.5240000000000001	0.0	0.0028	0.0008
11713.14.O.14B	0.0006000000000000001	0.0	0.9962	0.0	0.0032	0.0
11713.5.S.5D	0.0014	0.0	0.9965999999999999	0.0	0.0020000000000000005	0.0
11713.12.O.12F	0.0008	0.0	0.9968	0.0	0.0024000000000000002	0.0
11713.11.O.11D	0.0016	0.0008	0.9944	0.0	0.0027999999999999995	0.0004
11712.SUBJECT24.SKIN.516	0.0022	0.006000000000000001	0.975	0.0022000000000000006	0.013599999999999998	0.001
11712.SUBJECT14.ORAL.120	0.0	0.9864	0.0128	0.0002	0.0006000000000000001	0.0
11713.18.S.18C	0.019399999999999997	0.0008	0.6896000000000001	0.0	0.0024000000000000002	0.28779999999999994
11712.SUBJECT39.STOOL.839	0.0048000000000000004	0.9850000000000001	0.007000000000000001	0.0016	0.0014	0.0002
11712.SUBJECT23.ORAL.484	0.0	0.9902	0.0088	0.0	0.0004	0.0006000000000000001
11712.SUBJECT9.STOOL.1207	0.47240000000000004	0.0006000000000000001	0.5115999999999999	0.005200000000000001	0.0014	0.008799999999999999
11712.SUBJECT42.ORAL.986	0.828	0.0020000000000000005	0.1464	0.0168	0.002	0.0048000000000000004
11713.13.F.13A	0.007600000000000001	0.0044	0.0232	0.139	0.0006000000000000001	0.8251999999999999
11713.10.F.10C	0.022	0.0022000000000000006	0.0406	0.2432	0.0008	0.6911999999999999
11712.SUBJECT24.SKIN.518	0.0016	0.044	0.9422	0.0002	0.0116	0.0004
11712.SUBJECT43.STOOL.1082	0.3312	0.0078	0.021799999999999993	0.433	0.0016	0.20459999999999998
11712.SUBJECT24.STOOL.523	0.7116	0.001	0.001	0.284	0.0006000000000000001	0.0018000000000000002
11712.SUBJECT12.STOOL.95	0.9898	0.0012000000000000001	0.0036000000000000003	0.005200000000000001	0.0002	0.0
11713.17.S.17G	0.0016	0.0	0.9870000000000001	0.0020000000000000005	0.004399999999999999	0.005
11713.4.F.4C	0.0021999999999999997	0.0	0.6652	0.0128	0.0016	0.3182
11712.SUBJECT16.ORAL.160	0.0002	0.8817999999999999	0.11460000000000001	0.0008	0.0026000000000000003	0.0
11713.12.S.12A	0.23419999999999996	0.0004	0.16579999999999998	0.0048000000000000004	0.4822	0.1126
11713.11.S.11C	0.0004	0.0004	0.9948	0.0	0.003	0.0014
11713.1.O.1F	0.0012000000000000001	0.0004	0.7724	0.005600000000000001	0.0020000000000000005	0.2184
11712.SUBJECT39.STOOL.837	0.18879999999999997	0.012	0.48600000000000004	0.045799999999999993	0.0018000000000000002	0.26560000000000006
11712.SUBJECT25.ORAL.529	0.1048	0.024399999999999998	0.0174	0.6839999999999999	0.0078	0.1616
11712.SUBJECT41.SKIN.954	0.007600000000000001	0.5999999999999999	0.3596	0.0033999999999999994	0.0128	0.016599999999999997
11712.SUBJECT24.STOOL.524	0.9936	0.0002	0.0022	0.0038000000000000004	0.0002	0.0
11713.14.S.14B	0.0002	0.0	0.9974000000000001	0.0	0.0024000000000000002	0.0
11713.4.F.4D	0.051000000000000004	0.0002	0.717	0.0106	0.003	0.2182
11713.12.S.12F	0.0032	0.0018000000000000002	0.4378	0.0002	0.01	0.547
11713.11.S.11D	0.001	0.001	0.9949999999999999	0.0	0.0026000000000000003	0.0004
11712.SUBJECT35.SKIN.761	0.0012000000000000001	0.0112	0.9798	0.0006000000000000001	0.0038000000000000004	0.0034000000000000002
11712.SUBJECT41.SKIN.953	0.5808	0.03180000000000001	0.3818	0.0008	0.004800000000000001	0.0
11713.15.F.15B	0.15019999999999997	0.0044	0.06960000000000001	0.0196	0.0038000000000000004	0.7524000000000001
11713.10.F.10D	0.9982	0.0006000000000000001	0.0004	0.0	0.0008	0.0
11712.SUBJECT21.SKIN.451	0.001	0.0	0.9954000000000001	0.0	0.0034000000000000002	0.0002
11712.SUBJECT19.SKIN.351	0.0586	0.15100000000000002	0.5640000000000001	0.001	0.024799999999999996	0.20059999999999997
11712.SUBJECT17.ORAL.202	0.007600000000000001	0.34519999999999995	0.2764	0.023999999999999997	0.262	0.08479999999999999
11712.SUBJECT8.ORAL.1132	0.5389999999999999	0.014799999999999999	0.44320000000000004	0.0	0.0030000000000000005	0.0
11712.SUBJECT38.ORAL.806	0.0004	0.9722000000000002	0.0252	0.0008	0.0014	0.0
11712.SUBJECT28.STOOL.603	0.7539999999999999	0.0002	0.0062	0.22139999999999999	0.0006000000000000001	0.0176
11712.SUBJECT26.SKIN.564	0.0336	0.0182	0.3512	0.0004	0.0692	0.5273999999999999
11712.SUBJECT25.STOOL.552	0.6756000000000001	0.0024000000000000002	0.0056	0.3148000000000001	0.0016	0.0
11712.SUBJECT40.STOOL.924	0.0736	0.3912000000000001	0.39380000000000004	0.0184	0.0002	0.12279999999999998
11712.SUBJECT9.ORAL.1171	0.009800000000000001	0.2646	0.4630000000000001	0.0064	0.020599999999999997	0.23559999999999998
11712.SUBJECT35.STOOL.765	0.5158	0.0016	0.31459999999999994	0.0188	0.0024000000000000002	0.14679999999999999
11712.SUBJECT43.SKIN.1062	0.0004	0.0022	0.9922000000000001	0.0	0.004800000000000001	0.0004
11713.4.O.4B	0.0008	0.0	0.8564	0.005599999999999999	0.003	0.1342
11713.20.O.20A	0.0254	0.03799999999999999	0.10399999999999998	0.1666	0.0012000000000000001	0.6648000000000001
11713.25.O.25G	0.0108	0.0012000000000000001	0.9106	0.0246	0.0028000000000000004	0.05
11712.SUBJECT42.STOOL.1019	0.9172	0.0	0.0	0.037399999999999996	0.0002	0.0452
11712.SUBJECT18.ORAL.276	0.0026	0.0002	0.9904	0.0002	0.0036000000000000003	0.0030000000000000005
11713.4.O.4E	0.0032	0.0018000000000000002	0.9895999999999999	0.0006000000000000001	0.0034000000000000002	0.0014
11713.20.O.20F	0.001	0.001	0.9875999999999999	0.0002	0.0027999999999999995	0.007400000000000001
11712.SUBJECT43.STOOL.1066	0.299	0.0014	0.0058	0.004200000000000001	0.0002	0.6894
11712.SUBJECT20.SKIN.411	0.0094	0.014800000000000002	0.7222	0.010199999999999999	0.004600000000000001	0.23879999999999998
11712.SUBJECT26.SKIN.563	0.024999999999999998	0.048999999999999995	0.4266	0.0002	0.3242	0.17499999999999996
11712.SUBJECT28.STOOL.604	0.8808000000000001	0.0006000000000000001	0.011	0.023800000000000005	0.0018000000000000002	0.08199999999999999
11712.SUBJECT16.ORAL.155	0.1518	0.22959999999999997	0.2266	0.11740000000000002	0.0118	0.26280000000000003
11712.SUBJECT24.ORAL.512	0.0	0.9852000000000001	0.011600000000000001	0.0002	0.0028	0.0002
11712.SUBJECT23.STOOL.501	0.003	0.0814	0.045599999999999995	0.0020000000000000005	0.0018000000000000002	0.8661999999999999
11712.SUBJECT41.SKIN.961	0.006	0.0382	0.6576000000000001	0.0	0.0106	0.28759999999999997
11712.SUBJECT18.SKIN.298	0.0018000000000000002	0.0342	0.9472000000000002	0.0002	0.004200000000000001	0.0124
11713.3.S.3A	0.0016	0.007400000000000001	0.028200000000000003	0.0096	0.7776	0.17559999999999998
11712.SUBJECT3.SKIN.632	0.0196	0.07780000000000001	0.11939999999999999	0.0064	0.0002	0.7766
11713.22.F.22C	0.0026000000000000003	0.0	0.045799999999999993	0.15699999999999997	0.002	0.7926
11712.SUBJECT42.STOOL.1010	0.3528	0.006	0.007200000000000001	0.4598000000000001	0.0082	0.16599999999999998
11713.21.F.21A	0.022	0.0166	0.08759999999999998	0.3068	0.038599999999999995	0.5283999999999999
11713.8.S.8G	0.0004	0.0	0.9975999999999999	0.0	0.002	0.0
11712.SUBJECT9.SKIN.1185	0.0012000000000000001	0.0092	0.1056	0.0004	0.1392	0.7444
11713.20.S.20A	0.11900000000000002	0.0016	0.056400000000000006	0.021599999999999998	0.0006000000000000001	0.8008000000000001
11713.25.S.25G	0.0114	0.0056	0.9248000000000001	0.020200000000000003	0.0034000000000000002	0.0346
11712.SUBJECT18.SKIN.296	0.007600000000000001	0.0016	0.9578	0.013800000000000002	0.0104	0.008800000000000002
11712.SUBJECT38.ORAL.808	0.0002	0.7656000000000001	0.23220000000000002	0.0004	0.0016	0.0
11712.SUBJECT41.STOOL.969	0.9948	0.004600000000000001	0.0	0.0002	0.0004	0.0
11712.SUBJECT30.ORAL.657	0.057199999999999994	0.0394	0.211	0.022399999999999996	0.010400000000000001	0.6596
11712.SUBJECT22.ORAL.469	0.0	0.9888000000000001	0.011200000000000002	0.0	0.0	0.0
11713.20.S.20F	0.0002	0.0004	0.993	0.0008	0.003	0.0026
11712.SUBJECT4.SKIN.850	0.001	0.19899999999999998	0.1062	0.0014	0.0008	0.6916
11712.SUBJECT18.SKIN.291	0.002	0.0012000000000000001	0.7407999999999999	0.0058000000000000005	0.13360000000000002	0.1166
11712.SUBJECT23.SKIN.489	0.016999999999999998	0.1484	0.6769999999999998	0.0088	0.0024000000000000002	0.14639999999999997
11712.SUBJECT43.ORAL.1040	0.09199999999999998	0.14959999999999998	0.17639999999999995	0.3082	0.002	0.2718000000000001
11713.22.F.22D	0.0006000000000000001	0.0	0.9964000000000001	0.0	0.0030000000000000005	0.0
11712.SUBJECT26.ORAL.555	0.0096	0.022999999999999996	0.5148	0.023799999999999998	0.005000000000000002	0.42380000000000007
11712.SUBJECT42.STOOL.1017	0.32239999999999996	0.0	0.006	0.6032	0.0002	0.06820000000000001
11712.SUBJECT1.SKIN.14	0.0006000000000000001	0.36920000000000003	0.527	0.0004	0.0038	0.09899999999999999
11712.SUBJECT34.ORAL.732	0.005200000000000001	0.943	0.0472	0.0028000000000000004	0.0018000000000000002	0.0
11713.11.F.11C	0.046	0.006800000000000002	0.15879999999999997	0.1034	0.0014	0.6836
11712.SUBJECT25.ORAL.530	0.0014	0.8534	0.14100000000000001	0.0002	0.0030000000000000005	0.001
11713.12.F.12A	0.8937999999999999	0.0	0.015	0.0072	0.0	0.08399999999999999
11712.SUBJECT11.STOOL.61	0.4042	0.0086	0.011399999999999999	0.0036	0.0002	0.572
11712.SUBJECT15.ORAL.145	0.004200000000000001	0.18059999999999996	0.5706	0.03319999999999999	0.014400000000000001	0.19699999999999998
11712.SUBJECT22.SKIN.473	0.026999999999999996	0.1302	0.7938000000000002	0.018799999999999997	0.0014	0.028800000000000003
11712.SUBJECT5.SKIN.1086	0.0028000000000000004	0.0044	0.9146000000000001	0.0002	0.0034000000000000002	0.07459999999999999
11712.SUBJECT4.STOOL.862	0.238	0.0082	0.25179999999999997	0.0	0.0038000000000000004	0.49820000000000003
11713.16.S.16G	0.027600000000000003	0.0788	0.024399999999999998	0.03300000000000001	0.0002	0.8360000000000001
11713.15.S.15E	0.0008	0.0	0.9949999999999999	0.0	0.0032	0.001
11712.SUBJECT27.STOOL.583	0.4854	0.0	0.0018000000000000002	0.004399999999999999	0.0	0.5084
11713.10.S.10C	0.0018000000000000002	0.0006000000000000001	0.8688	0.0106	0.004000000000000001	0.11420000000000001
11713.5.F.5E	0.058800000000000005	0.0	0.23240000000000002	0.005800000000000001	0.002	0.701
11713.13.S.13A	0.0006000000000000001	0.0	0.20459999999999998	0.0002	0.001	0.7936
11712.SUBJECT6.SKIN.1092	0.011	0.088	0.843	0.0002	0.002	0.0558
11712.SUBJECT8.SKIN.1149	0.055999999999999994	0.0008	0.9387999999999999	0.0	0.004399999999999999	0.0
11712.SUBJECT29.STOOL.617	0.0954	0.0030000000000000005	0.0054	0.8136000000000001	0.0036000000000000003	0.079
11712.SUBJECT22.SKIN.474	0.007200000000000001	0.009400000000000002	0.8624	0.03280000000000001	0.0024000000000000002	0.0858
11712.SUBJECT11.SKIN.59	0.011	0.045200000000000004	0.42519999999999997	0.001	0.0196	0.49799999999999994
11712.SUBJECT4.STOOL.865	0.024999999999999998	0.3722	0.5875999999999999	0.014799999999999999	0.0	0.0004
11713.15.S.15B	0.0014	0.04599999999999999	0.03679999999999999	0.06799999999999999	0.0006000000000000001	0.8472
11713.10.S.10D	0.0006000000000000001	0.0	0.9107999999999998	0.0042	0.006	0.0784
11712.SUBJECT38.SKIN.815	0.0004	0.024799999999999996	0.966	0.0012000000000000001	0.0028000000000000004	0.0048
11713.5.F.5B	0.001	0.0	0.9973999999999998	0.0	0.0016	0.0
11713.20.F20B	0.0012000000000000001	0.007800000000000001	0.013399999999999999	0.08939999999999998	0.0006000000000000001	0.8876000000000002
11712.SUBJECT32.STOOL.722	0.9358000000000001	0.05840000000000001	0.0030000000000000005	0.0008	0.0020000000000000005	0.0
11712.SUBJECT6.SKIN.1095	0.06500000000000002	0.0158	0.127	0.5154000000000001	0.012	0.26480000000000004
11712.SUBJECT1.SKIN.13	0.0006000000000000001	0.09579999999999998	0.1636	0.0004	0.0188	0.7207999999999999
11713.14.F.14B	0.04379999999999999	0.0078	0.8200000000000001	0.11000000000000001	0.0044	0.014000000000000002
11713.11.F.11D	0.009400000000000002	0.004200000000000001	0.267	0.1042	0.0020000000000000005	0.6131999999999999
11712.SUBJECT30.STOOL.680	0.002	0.0	0.9956000000000002	0.0	0.0020000000000000005	0.0004
11712.SUBJECT17.SKIN.224	0.021	0.09119999999999999	0.35960000000000003	0.008400000000000001	0.34059999999999996	0.17919999999999997
11712.SUBJECT11.SKIN.57	0.0014000000000000002	0.09599999999999999	0.3451999999999999	0.0004	0.0636	0.4934
11712.SUBJECT21.SKIN.446	0.017400000000000002	0.024399999999999998	0.2766	0.007600000000000001	0.47440000000000004	0.19959999999999997
11712.SUBJECT21.STOOL.457	0.9927999999999999	0.0	0.006800000000000002	0.0002	0.0002	0.0
11712.SUBJECT1.STOOL.22	0.5919999999999999	0.1696	0.0508	0.029800000000000004	0.0034000000000000002	0.15439999999999998
11712.SUBJECT36.ORAL.775	0.0021999999999999997	0.6642000000000001	0.29419999999999996	0.0026000000000000003	0.0014	0.0354
11712.SUBJECT42.SKIN.1003	0.0	0.0	0.992	0.0002	0.007000000000000001	0.0008
11712.SUBJECT4.ORAL.843	0.0126	0.8664	0.1008	0.014799999999999999	0.004200000000000001	0.0012000000000000001
11712.SUBJECT10.SKIN.42	0.0026000000000000007	0.0022000000000000006	0.993	0.0	0.0016	0.0006000000000000001
11713.4.S.4E	0.0016	0.0002	0.951	0.0164	0.0026000000000000003	0.028200000000000003
11712.SUBJECT3.ORAL.626	0.0256	0.8154	0.1458	0.013000000000000001	0.0002	0.0
11713.16.O.16G	0.0048000000000000004	0.0002	0.7418	0.07339999999999999	0.0034000000000000002	0.17639999999999995
11713.18.F.18D	0.001	0.0006000000000000001	0.9958	0.0	0.0026000000000000003	0.0
11713.10.O.10C	0.004000000000000001	0.0002	0.9814	0.007600000000000001	0.0024000000000000002	0.004400000000000001
11713.13.O.13A	0.002	0.0004	0.0306	0.11380000000000001	0.0018000000000000002	0.8513999999999999
11712.SUBJECT32.ORAL.711	0.0006000000000000001	0.007000000000000001	0.7463999999999998	0.0016	0.0014	0.24299999999999997
11712.SUBJECT10.SKIN.45	0.0002	0.0006000000000000001	0.9932000000000001	0.0006000000000000001	0.005	0.0004
11713.4.S.4B	0.08379999999999999	0.0504	0.11840000000000002	0.22240000000000001	0.0012000000000000001	0.5238
11713.15.O.15B	0.0394	0.008199999999999999	0.1014	0.1982	0.0018000000000000002	0.651
11713.18.F.18C	0.007400000000000001	0.0006000000000000001	0.9030000000000001	0.07999999999999999	0.0024000000000000002	0.0066
11712.SUBJECT7.ORAL.1106	0.0004	0.9878	0.0104	0.0006000000000000001	0.0008	0.0
11713.10.O.10D	0.0038000000000000004	0.0004	0.8418000000000001	0.0526	0.006799999999999999	0.09459999999999999
11712.SUBJECT36.STOOL.785	0.0012000000000000001	0.0	0.9970000000000001	0.0	0.0018000000000000002	0.0
11712.SUBJECT40.ORAL.887	0.0002	0.9032	0.09539999999999998	0.0	0.0012000000000000001	0.0
11712.SUBJECT30.STOOL.689	0.010599999999999997	0.04539999999999999	0.0164	0.0034000000000000002	0.001	0.9232000000000001
11712.SUBJECT2.SKIN.384	0.002	0.6129999999999999	0.08239999999999999	0.0018000000000000002	0.019799999999999998	0.281
11712.SUBJECT1.ORAL.7	0.0	0.9136000000000001	0.08419999999999998	0.0	0.0022000000000000006	0.0
11712.SUBJECT1.STOOL.25	0.1996	0.0	0.0026000000000000003	0.0014	0.0002	0.7962
11712.SUBJECT42.ORAL.991	0.005600000000000001	0.9747999999999999	0.0174	0.0012000000000000001	0.001	0.0
11712.SUBJECT9.STOOL.1210	0.0062	0.004	0.9655999999999999	0.0012000000000000001	0.0021999999999999997	0.0208
11712.SUBJECT42.SKIN.1004	0.004200000000000001	0.0024000000000000002	0.982	0.0054	0.0058	0.0002
11712.SUBJECT29.STOOL.619	0.04079999999999999	0.0004	0.0	0.9585999999999999	0.0002	0.0
11712.SUBJECT8.SKIN.1147	0.0006000000000000001	0.0008	0.9940000000000001	0.0	0.004600000000000001	0.0
11712.SUBJECT4.ORAL.844	0.0184	0.7744	0.1948	0.011399999999999999	0.001	0.0
11713.3.O.3F	0.0018000000000000002	0.0116	0.9244	0.023	0.038200000000000005	0.001
11712.SUBJECT36.SKIN.778	0.007000000000000001	0.0082	0.6674	0.0026	0.10799999999999998	0.2068
11712.SUBJECT14.SKIN.133	0.001	0.001	0.992	0.0002	0.0020000000000000005	0.0038
11712.SUBJECT11.ORAL.53	0.0068000000000000005	0.059800000000000006	0.7782	0.0034000000000000002	0.0021999999999999997	0.14959999999999998
11713.20.F.20A	0.0054	0.004000000000000001	0.0254	0.17379999999999998	0.0	0.7914000000000001
11712.SUBJECT20.SKIN.406	0.027800000000000002	0.0052	0.8950000000000001	0.011399999999999997	0.0052000000000000015	0.05539999999999999
11712.SUBJECT16.STOOL.191	0.005	0.0004	0.8692	0.029800000000000004	0.0018000000000000002	0.09379999999999998
11712.SUBJECT20.STOOL.426	0.9632	0.012999999999999998	0.020200000000000003	0.0021999999999999997	0.0006000000000000001	0.0008
11713.21.S.21A	0.028800000000000003	0.012	0.36639999999999995	0.1608	0.004400000000000001	0.4276
11713.22.S.22C	0.023599999999999996	0.005000000000000001	0.6474	0.06440000000000001	0.011	0.2486
11712.SUBJECT40.SKIN.904	0.0006000000000000001	0.0	0.9967999999999998	0.0	0.0026000000000000003	0.0
11712.SUBJECT19.ORAL.337	0.0004	0.9858	0.0128	0.001	0.0	0.0
11712.SUBJECT21.ORAL.437	0.0102	0.47539999999999993	0.34059999999999996	0.0036000000000000003	0.0254	0.14479999999999998
11712.SUBJECT21.STOOL.462	0.9936	0.0	0.006	0.0	0.0004	0.0
11712.SUBJECT30.SKIN.671	0.006	0.17079999999999998	0.055400000000000005	0.05820000000000001	0.5534000000000001	0.15619999999999998
11712.SUBJECT20.STOOL.421	0.0744	0.054799999999999995	0.0812	0.004	0.0052	0.7804
11713.21.S.21F	0.0036000000000000003	0.0002	0.9861999999999999	0.0006000000000000001	0.0028000000000000004	0.006600000000000002
11713.1.S.1F	0.0006000000000000001	0.0006000000000000001	0.9608000000000001	0.0004	0.0038000000000000004	0.03380000000000001
11713.22.S.22D	0.0	0.0	0.9936	0.0	0.005599999999999999	0.0008
11712.SUBJECT40.SKIN.903	0.001	0.0	0.9928000000000001	0.0	0.005200000000000001	0.001
11712.SUBJECT32.STOOL.719	0.9503999999999999	0.0004	0.039599999999999996	0.0	0.002	0.007600000000000001
11712.SUBJECT28.SKIN.596	0.0012000000000000001	0.0004	0.9693999999999999	0.0004	0.0184	0.010199999999999999
11712.SUBJECT22.STOOL.476	0.2306	0.030200000000000005	0.049199999999999994	0.013800000000000002	0.0032	0.673
11712.SUBJECT23.SKIN.490	0.0058	0.0028	0.042599999999999985	0.0082	0.0016	0.9389999999999998
11712.SUBJECT19.STOOL.365	0.023600000000000003	0.023799999999999995	0.016999999999999994	0.003400000000000001	0.0014	0.9308
11712.SUBJECT31.ORAL.691	0.0006000000000000001	0.0004	0.9490000000000001	0.0	0.0046	0.04539999999999999
11712.SUBJECT9.ORAL.1166	0.0018000000000000002	0.7405999999999999	0.07680000000000001	0.0006000000000000001	0.0076	0.17259999999999998
11712.SUBJECT22.ORAL.470	0.0014	0.9882	0.009600000000000001	0.0002	0.0004	0.0002
11712.SUBJECT11.ORAL.54	0.005200000000000001	0.18879999999999997	0.4468000000000001	0.0014	0.0018000000000000002	0.356
11712.SUBJECT43.ORAL.1025	0.010199999999999999	0.0058	0.029600000000000005	0.0062000000000000015	0.0016	0.9465999999999999
11712.SUBJECT38.ORAL.811	0.005599999999999999	0.9284000000000001	0.053200000000000004	0.0022000000000000006	0.0016	0.009
11712.SUBJECT23.STOOL.498	0.0316	0.017999999999999995	0.05620000000000001	0.0052	0.0014	0.8876
11712.SUBJECT41.STOOL.970	0.9962	0.0028	0.0	0.0	0.001	0.0
11712.SUBJECT38.SKIN.820	0.0012000000000000001	0.8602000000000001	0.1004	0.0004	0.0022	0.0356
11712.SUBJECT20.ORAL.397	0.008000000000000002	0.9667999999999999	0.0218	0.0021999999999999997	0.0006000000000000001	0.0006000000000000001
11712.SUBJECT16.SKIN.174	0.0006000000000000001	0.0004	0.9434000000000001	0.0	0.0034000000000000002	0.0522
11712.SUBJECT38.STOOL.823	0.07	0.2994	0.6104	0.020200000000000003	0.0	0.0
11712.SUBJECT12.SKIN.85	0.0164	0.0154	0.9262	0.0014	0.0024000000000000002	0.03819999999999999
11712.SUBJECT15.SKIN.148	0.2264	0.0092	0.5304	0.013000000000000001	0.0184	0.20259999999999997
11712.SUBJECT37.ORAL.791	0.0	0.5366	0.0128	0.0006000000000000001	0.0002	0.4498000000000001
11712.SUBJECT31.STOOL.703	0.0008	0.012	0.9663999999999999	0.0008	0.0162	0.0038000000000000004
11712.SUBJECT7.STOOL.1111	0.8564	0.0002	0.0154	0.038	0.0002	0.08979999999999998
11712.SUBJECT28.SKIN.598	0.0004	0.0002	0.7430000000000001	0.0	0.021399999999999995	0.23500000000000001
11712.SUBJECT22.STOOL.478	0.05740000000000001	0.013399999999999999	0.015199999999999997	0.06260000000000002	0.0054	0.8459999999999999
11712.SUBJECT17.STOOL.261	0.043199999999999995	0.001	0.0	0.6474	0.0004	0.30799999999999994
11713.8.F.8A	0.009800000000000001	0.001	0.05099999999999999	0.07619999999999999	0.0020000000000000005	0.86
11713.5.O.5D	0.0014	0.0002	0.9936	0.0	0.0024000000000000002	0.0024000000000000002
11712.SUBJECT25.SKIN.541	0.0062	0.0012000000000000001	0.9751999999999998	0.010199999999999997	0.0024000000000000002	0.0048000000000000004
11712.SUBJECT10.ORAL.33	0.0268	0.5696000000000001	0.38780000000000003	0.015	0.0006000000000000001	0.0002
11713.22.O.22C	0.0008	0.0024000000000000002	0.1162	0.0002	0.0012000000000000001	0.8792
11712.SUBJECT9.ORAL.1168	0.0154	0.2692	0.1586	0.026399999999999996	0.14420000000000002	0.38620000000000004
11712.SUBJECT33.STOOL.728	0.8974	0.003400000000000001	0.0202	0.008	0.0016	0.06939999999999999
11712.SUBJECT21.ORAL.442	0.0128	0.9666	0.0086	0.0018000000000000002	0.0026000000000000003	0.007600000000000001
11713.8.F.8F	0.9381999999999999	0.0088	0.045799999999999993	0.004000000000000001	0.0012000000000000001	0.0020000000000000005
11712.SUBJECT31.ORAL.698	0.008200000000000002	0.08159999999999999	0.0098	0.001	0.7924000000000001	0.10700000000000001
11713.5.O.5C	0.021399999999999995	0.01	0.741	0.08879999999999998	0.015000000000000003	0.12380000000000002
11713.22.O.22D	0.2604	0.0006000000000000001	0.7198	0.0046	0.0014	0.0132
11712.SUBJECT10.ORAL.34	0.014199999999999999	0.8824	0.071	0.009000000000000001	0.0008	0.022599999999999995
11712.SUBJECT9.SKIN.1192	0.004000000000000001	0.0038000000000000004	0.5900000000000001	0.0008	0.004600000000000001	0.3968
11712.SUBJECT20.SKIN.408	0.0218	0.0788	0.8132000000000001	0.0086	0.0028000000000000004	0.0748
11712.SUBJECT30.ORAL.647	0.0008	0.006200000000000001	0.9899999999999999	0.0	0.003	0.0
11712.SUBJECT12.ORAL.65	0.038799999999999994	0.6452000000000001	0.2996	0.016200000000000003	0.0	0.0002
11712.SUBJECT16.SKIN.173	0.0008	0.004000000000000001	0.8924000000000001	0.0020000000000000005	0.004600000000000001	0.09619999999999998
11712.SUBJECT38.STOOL.824	0.0502	0.16560000000000002	0.7626000000000001	0.021200000000000004	0.0002	0.0002
11712.SUBJECT12.SKIN.82	0.0022	0.0004	0.9922000000000001	0.0008	0.004	0.0004
11712.SUBJECT31.STOOL.704	0.0004	0.0	0.9974000000000001	0.0002	0.0020000000000000005	0.0
11712.SUBJECT34.SKIN.738	0.004399999999999999	0.0006000000000000001	0.9925999999999998	0.0	0.0018000000000000002	0.0006000000000000001
11712.SUBJECT19.ORAL.339	0.008799999999999999	0.9614	0.0278	0.0018000000000000002	0.0002	0.0
11712.SUBJECT31.ORAL.700	0.0226	0.0156	0.5856	0.0514	0.16999999999999996	0.1548
11712.SUBJECT38.ORAL.809	0.007400000000000001	0.26660000000000006	0.7188000000000001	0.005800000000000001	0.0012000000000000001	0.0002
11712.SUBJECT30.ORAL.656	0.0024000000000000002	0.1012	0.11840000000000002	0.0006000000000000001	0.026600000000000002	0.7507999999999999
11712.SUBJECT41.STOOL.968	0.9982	0.0006000000000000001	0.0004	0.0	0.0008	0.0
11713.8.S.8A	0.003	0.0008	0.8837999999999999	0.008400000000000001	0.004400000000000001	0.0996
11712.SUBJECT22.ORAL.468	0.0012000000000000001	0.9890000000000001	0.009600000000000003	0.0002	0.0	0.0
11712.SUBJECT4.SKIN.851	0.007000000000000001	0.5652	0.013000000000000001	0.14179999999999998	0.0008	0.27220000000000005
11712.SUBJECT3.SKIN.634	0.0016	0.007400000000000001	0.8026	0.0	0.002	0.18639999999999995
11712.SUBJECT42.STOOL.1016	0.4232	0.0004	0.0032	0.5367999999999999	0.0008	0.0356
11713.22.F.22E	0.0014	0.0	0.9969999999999999	0.0	0.0014	0.0002
11712.SUBJECT3.SKIN.633	0.003	0.0028000000000000004	0.2854	0.0002	0.0022000000000000006	0.7063999999999998
11712.SUBJECT16.STOOL.189	0.6892	0.0206	0.004000000000000001	0.18619999999999998	0.017	0.08299999999999999
11712.SUBJECT30.STOOL.675	0.0008	0.0	0.9968	0.0	0.0014	0.001
11713.8.S.8F	0.0006000000000000001	0.0	0.9965999999999999	0.0	0.0022000000000000006	0.0006000000000000001
11712.SUBJECT4.SKIN.856	0.0002	0.0006000000000000001	0.9457999999999999	0.0	0.0026000000000000003	0.0508
11712.SUBJECT18.SKIN.297	0.001	0.0	0.9952	0.0	0.0032	0.0006000000000000001
11713.25.S.25F	0.0016	0.0002	0.9823999999999999	0.0058	0.0026000000000000003	0.007400000000000001
11713.4.O.4D	0.0006000000000000001	0.0004	0.9824000000000002	0.0064	0.0024000000000000002	0.0078
11713.1.F.1A	0.008799999999999999	0.07619999999999999	0.0274	0.1096	0.0020000000000000005	0.776
11712.SUBJECT13.STOOL.116	0.8245999999999999	0.0004	0.008	0.16539999999999996	0.0016	0.0
11713.20.O.20G	0.0012000000000000001	0.0018000000000000002	0.9902000000000001	0.0002	0.0026000000000000003	0.004000000000000001
11712.SUBJECT28.STOOL.605	0.5854000000000001	0.002	0.007800000000000001	0.32039999999999996	0.0014000000000000002	0.08300000000000003
11712.SUBJECT26.SKIN.562	0.0018000000000000002	0.092	0.308	0.137	0.2062	0.255
11712.SUBJECT20.SKIN.410	0.0014	0.0038	0.8699999999999999	0.0014	0.0030000000000000005	0.12040000000000002
11712.SUBJECT40.STOOL.922	0.1018	0.20739999999999997	0.06140000000000001	0.0008	0.0020000000000000005	0.6266
11712.SUBJECT24.ORAL.513	0.0	0.9583999999999998	0.04039999999999999	0.0002	0.001	0.0
11712.SUBJECT41.SKIN.960	0.015200000000000002	0.34419999999999995	0.2298	0.0006000000000000001	0.005000000000000001	0.40520000000000006
11712.SUBJECT23.STOOL.500	0.06260000000000002	0.043399999999999994	0.04459999999999999	0.06340000000000001	0.0016	0.7844
11712.SUBJECT38.ORAL.807	0.0002	0.9815999999999999	0.0172	0.0004	0.0006000000000000001	0.0
11712.SUBJECT26.SKIN.565	0.001	0.005400000000000002	0.9809999999999999	0.0	0.0108	0.0018000000000000002
11712.SUBJECT28.STOOL.602	0.7872	0.0024000000000000007	0.010400000000000001	0.181	0.0020000000000000005	0.016999999999999994
11712.SUBJECT16.ORAL.153	0.002	0.19299999999999998	0.17679999999999996	0.0022	0.358	0.26800000000000007
11712.SUBJECT25.STOOL.553	0.5654	0.0	0.0028000000000000004	0.4274	0.004400000000000001	0.0
11712.SUBJECT40.STOOL.925	0.5258	0.31839999999999996	0.11240000000000001	0.015200000000000002	0.0006000000000000001	0.027599999999999996
11712.SUBJECT9.ORAL.1170	0.6235999999999999	0.0212	0.2974	0.0008	0.0166	0.04039999999999999
11712.SUBJECT35.STOOL.764	0.9468	0.0026000000000000003	0.018199999999999997	0.0004	0.001	0.031000000000000007
11712.SUBJECT18.ORAL.270	0.0012000000000000001	0.09439999999999998	0.883	0.0004	0.0032000000000000006	0.0178
11712.SUBJECT43.SKIN.1063	0.0006000000000000001	0.0	0.9962000000000002	0.0	0.0020000000000000005	0.0012000000000000001
11713.4.O.4C	0.0006000000000000001	0.0	0.9969999999999999	0.0002	0.0021999999999999997	0.0
11712.SUBJECT15.SKIN.150	0.0006000000000000001	0.04819999999999999	0.7176	0.002	0.19259999999999997	0.039
11713.25.O.25F	0.0006000000000000001	0.0032000000000000006	0.021	0.14999999999999997	0.0006000000000000001	0.8246
11712.SUBJECT42.STOOL.1018	0.36959999999999993	0.0004	0.0034000000000000002	0.4652	0.0006000000000000001	0.1608
11712.SUBJECT24.STOOL.525	0.9862000000000002	0.0026000000000000003	0.007800000000000001	0.0004	0.0030000000000000005	0.0
11713.4.F.4E	0.039599999999999996	0.0	0.7634000000000001	0.0058000000000000005	0.0008	0.19039999999999996
11713.17.S.17A	0.0058000000000000005	0.0784	0.049999999999999996	0.2104	0.0006000000000000001	0.6548
11713.14.S.14C	0.0008	0.0002	0.9965999999999999	0.0002	0.0018000000000000002	0.0004
11713.11.S.11E	0.0014	0.0002	0.9938	0.0002	0.0020000000000000005	0.0024000000000000002
11712.SUBJECT26.STOOL.572	0.8903999999999999	0.0016	0.0068000000000000005	0.09879999999999999	0.0002	0.0022000000000000006
11712.SUBJECT35.SKIN.760	0.011600000000000001	0.0018000000000000002	0.9736	0.0026000000000000003	0.0028	0.0076
11712.SUBJECT41.SKIN.952	0.0006000000000000001	0.23879999999999998	0.75	0.0002	0.003	0.007400000000000001
11713.16.F.16A	0.016599999999999997	0.004	0.030199999999999998	0.24059999999999998	0.0004	0.7081999999999999
11713.18.O.18B	0.10740000000000001	0.036	0.0674	0.14020000000000002	0.004600000000000001	0.6444000000000001
11713.10.F.10E	0.9962	0.001	0.0018000000000000002	0.0	0.001	0.0
11712.SUBJECT12.SKIN.79	0.011600000000000003	0.010600000000000002	0.4262	0.1916	0.13820000000000002	0.2218
11712.SUBJECT19.SKIN.350	0.08099999999999999	0.1092	0.728	0.0006000000000000001	0.018	0.0632
11712.SUBJECT21.SKIN.450	0.0028	0.05820000000000001	0.7739999999999999	0.0008	0.044199999999999996	0.11999999999999997
11712.SUBJECT17.ORAL.203	0.0048000000000000004	0.11200000000000002	0.6892000000000001	0.0014	0.07499999999999998	0.11760000000000001
11712.SUBJECT35.ORAL.758	0.0021999999999999997	0.9780000000000001	0.017599999999999998	0.0014	0.0008	0.0
11713.15.F.15D	0.0006000000000000001	0.0	0.6514	0.0	0.0026000000000000003	0.34540000000000004
11712.SUBJECT42.ORAL.987	0.0672	0.0	0.9301999999999999	0.0	0.0026	0.0
11712.SUBJECT9.STOOL.1206	0.685	0.0274	0.0568	0.0028	0.0024000000000000002	0.22560000000000002
11713.10.F.10B	0.42180000000000006	0.011199999999999998	0.2254	0.047	0.0012000000000000001	0.2934
11712.SUBJECT24.SKIN.519	0.0002	0.0002	0.9894000000000001	0.0	0.0096	0.0006000000000000001
11712.SUBJECT24.STOOL.522	0.008200000000000002	0.0432	0.18799999999999997	0.0062	0.08639999999999998	0.668
11712.SUBJECT2.STOOL.387	0.0062	0.005599999999999999	0.0424	0.004200000000000001	0.0002	0.9413999999999998
11713.17.S.17F	0.0014	0.0018000000000000002	0.9882000000000002	0.0002	0.0024000000000000002	0.006
11713.4.F.4B	0.0252	0.0094	0.0182	0.11000000000000001	0.0008	0.8364
11713.14.S.14D	0.019799999999999995	0.0152	0.3266	0.6134000000000001	0.006200000000000001	0.0188
11712.SUBJECT12.STOOL.94	0.9346000000000002	0.0024000000000000002	0.0026000000000000007	0.0112	0.0042	0.045
11713.11.S.11B	0.0026000000000000003	0.0	0.991	0.0016	0.0038000000000000004	0.001
11713.1.O.1G	0.005	0.0	0.76	0.023399999999999997	0.0038000000000000004	0.20779999999999998
11712.SUBJECT41.SKIN.955	0.0244	0.5358	0.29819999999999997	0.0004	0.0020000000000000005	0.13920000000000002
11712.SUBJECT9.STOOL.1208	0.0018000000000000002	0.0004	0.9882	0.0006000000000000001	0.0036	0.0054
11712.SUBJECT35.ORAL.756	0.0018000000000000002	0.9843999999999999	0.0128	0.0002	0.0008	0.0
11713.17.O.17A	0.0064	0.004	0.05179999999999999	0.22900000000000004	0.0012000000000000001	0.7076
11713.14.O.14C	0.0012000000000000001	0.0	0.8916000000000001	0.0	0.0016	0.1056
11713.11.O.11E	0.014400000000000001	0.011799999999999996	0.028000000000000004	0.1674	0.0006000000000000001	0.7778
11713.5.S.5E	0.0008	0.0	0.9965999999999999	0.0	0.0026000000000000007	0.0
11712.SUBJECT24.SKIN.517	0.0122	0.015600000000000003	0.959	0.0014	0.0094	0.0024000000000000002
11712.SUBJECT14.ORAL.121	0.0004	0.9907999999999999	0.007600000000000001	0.0004	0.0008	0.0
11713.18.S.18B	0.0004	0.0004	0.9672000000000001	0.0018000000000000002	0.0036000000000000003	0.026599999999999995
11712.SUBJECT2.STOOL.389	0.8286	0.0020000000000000005	0.0152	0.012	0.0002	0.142
11712.SUBJECT23.ORAL.485	0.0	0.9902	0.0098	0.0	0.0	0.0
11713.18.S.18E	0.0018000000000000002	0.0004	0.9620000000000001	0.011999999999999999	0.0064	0.017400000000000002
11712.SUBJECT14.STOOL.141	0.9681999999999998	0.022399999999999996	0.008400000000000001	0.0002	0.0008	0.0
11712.SUBJECT23.ORAL.482	0.0012000000000000001	0.7146	0.023	0.0002	0.022199999999999994	0.23879999999999998
11712.SUBJECT28.ORAL.584	0.057199999999999994	0.18819999999999998	0.088	0.3626	0.009200000000000003	0.2948
11713.17.O.17F	0.07359999999999998	0.0014	0.2142	0.09119999999999998	0.007400000000000001	0.6122
11712.SUBJECT8.STOOL.1160	0.7804	0.0042	0.010200000000000002	0.0	0.0006000000000000001	0.20459999999999998
11713.14.O.14D	0.0006000000000000001	0.0	0.9978	0.0	0.0016	0.0
11713.11.O.11B	0.026000000000000002	0.0004	0.19499999999999998	0.0774	0.0018000000000000002	0.6993999999999999
11713.5.S.5B	0.008000000000000002	0.0016	0.6103999999999999	0.15259999999999999	0.0016	0.22580000000000006
11713.22.F.22A	0.05519999999999999	0.0116	0.021	0.5696000000000001	0.0030000000000000005	0.3396
11712.SUBJECT34.STOOL.751	0.9876000000000001	0.0002	0.006	0.0	0.006199999999999999	0.0
11713.21.F.21C	0.0008	0.0002	0.9629999999999999	0.0004	0.0022	0.0334
11712.SUBJECT12.ORAL.70	0.009	0.8106	0.17659999999999995	0.0012000000000000001	0.0022000000000000006	0.0004
11712.SUBJECT16.ORAL.159	0.0008	0.021799999999999996	0.9748000000000001	0.0	0.0026000000000000003	0.0
11712.SUBJECT9.SKIN.1187	0.0014	0.011799999999999998	0.031200000000000006	0.0008	0.2706	0.6841999999999999
11713.8.S.8E	0.0008	0.0004	0.9906	0.0002	0.004	0.003999999999999999
11713.25.S.25E	0.0002	0.0	0.9982000000000001	0.0	0.0012000000000000001	0.0004
11712.SUBJECT18.SKIN.294	0.0002	0.0	0.9962	0.0020000000000000005	0.0016	0.0
11713.20.S.20C	0.0012000000000000001	0.0	0.9916	0.0	0.0027999999999999995	0.0044
11712.SUBJECT4.SKIN.855	0.0008	0.0002	0.9038	0.0	0.0020000000000000005	0.09319999999999998
11712.SUBJECT30.ORAL.655	0.020800000000000003	0.0098	0.019799999999999998	0.1558	0.010199999999999999	0.7836000000000001
11712.SUBJECT6.STOOL.1100	0.0426	0.5912000000000001	0.3478	0.018000000000000002	0.0	0.0004
11713.8.S.8B	0.0006000000000000001	0.0	0.9956000000000002	0.0	0.0038000000000000004	0.0
11712.SUBJECT35.STOOL.769	0.9895999999999999	0.0028000000000000004	0.0068000000000000005	0.0002	0.0006000000000000001	0.0
11712.SUBJECT18.SKIN.293	0.0008	0.0002	0.9945999999999998	0.0020000000000000005	0.0021999999999999997	0.0002
11713.20.S.20D	0.0014	0.0002	0.991	0.0024000000000000007	0.002	0.003
11712.SUBJECT10.STOOL.48	0.9364000000000001	0.0158	0.013799999999999998	0.0216	0.0006000000000000001	0.011800000000000001
11712.SUBJECT43.ORAL.1042	0.0246	0.11840000000000002	0.5134	0.09919999999999998	0.023799999999999995	0.2206
11712.SUBJECT26.ORAL.557	0.0014	0.06000000000000001	0.17679999999999996	0.0006000000000000001	0.0012000000000000001	0.76
11713.21.F.21D	0.0008	0.0	0.9959999999999999	0.0	0.0032	0.0
11712.SUBJECT25.STOOL.550	0.9392000000000001	0.008799999999999999	0.0064	0.044399999999999995	0.0008	0.0004
11712.SUBJECT8.ORAL.1130	0.044399999999999995	0.0002	0.9527999999999999	0.0	0.0026000000000000003	0.0
11712.SUBJECT26.SKIN.566	0.029600000000000005	0.004	0.49460000000000004	0.020399999999999995	0.009	0.4424
11712.SUBJECT28.STOOL.601	0.9927999999999999	0.0	0.007200000000000001	0.0	0.0	0.0
11712.SUBJECT9.ORAL.1173	0.0012000000000000001	0.49779999999999996	0.49800000000000005	0.0004	0.0024000000000000002	0.0002
11712.SUBJECT19.STOOL.370	0.859	0.0504	0.0784	0.012	0.0002	0.0
11712.SUBJECT35.STOOL.767	0.9863999999999999	0.0028	0.0094	0.0006000000000000001	0.0008	0.0
11712.SUBJECT23.STOOL.504	0.015000000000000003	0.1086	0.003600000000000001	0.0038000000000000004	0.0	0.8690000000000001
11712.SUBJECT10.STOOL.46	0.032200000000000006	0.17319999999999997	0.021799999999999996	0.006999999999999999	0.0004	0.7654
11712.SUBJECT39.SKIN.835	0.004000000000000001	0.0514	0.8474	0.0006000000000000001	0.0026000000000000003	0.094
11712.SUBJECT43.SKIN.1060	0.11779999999999999	0.12500000000000003	0.42919999999999997	0.0032	0.038	0.28679999999999994
11712.SUBJECT18.ORAL.273	0.004999999999999999	0.0004	0.9830000000000002	0.0016	0.0024000000000000002	0.007600000000000001
11712.SUBJECT29.ORAL.608	0.0764	0.13679999999999998	0.10539999999999998	0.0316	0.015399999999999997	0.6344000000000001
11713.25.O.25E	0.19579999999999997	0.17779999999999996	0.23759999999999998	0.09259999999999999	0.0178	0.2784
11713.1.F.1E	0.0032	0.0006000000000000001	0.9429999999999998	0.012199999999999999	0.0032	0.0378
11713.20.O.20C	0.08459999999999998	0.044599999999999994	0.16799999999999998	0.15439999999999998	0.036	0.5124
11712.SUBJECT30.SKIN.664	0.0002	0.007000000000000001	0.9878	0.0004	0.004400000000000001	0.0002
11712.SUBJECT5.ORAL.1083	0.0038000000000000004	0.2906000000000001	0.5786	0.0004000000000000001	0.0026000000000000007	0.12400000000000003
11712.SUBJECT26.ORAL.559	0.9847999999999999	0.0018000000000000002	0.009200000000000002	0.0004	0.0012000000000000001	0.0026
11712.SUBJECT39.SKIN.832	0.0108	0.0028	0.6370000000000001	0.0006000000000000001	0.027600000000000003	0.3212
11712.SUBJECT18.ORAL.274	0.0006000000000000001	0.0002	0.9968	0.0	0.0024000000000000002	0.0
11712.SUBJECT6.ORAL.1090	0.0	0.9812000000000001	0.0172	0.0004	0.0012000000000000001	0.0
11712.SUBJECT14.ORAL.119	0.0018000000000000002	0.9791999999999998	0.0118	0.005599999999999999	0.0006000000000000001	0.001
11713.1.F.1B	0.08339999999999999	0.024799999999999996	0.027199999999999995	0.15499999999999997	0.0026000000000000003	0.707
11712.SUBJECT30.SKIN.663	0.0004	0.0	0.9966000000000002	0.0	0.003	0.0
11712.SUBJECT5.ORAL.1084	0.0002	0.9734	0.025799999999999997	0.0	0.0006000000000000001	0.0
11712.SUBJECT43.STOOL.1064	0.7847999999999999	0.0018000000000000002	0.0132	0.0054	0.0004	0.1944
11712.SUBJECT16.ORAL.157	0.18799999999999997	0.092	0.5553999999999999	0.0014	0.1044	0.058800000000000005
11712.SUBJECT28.STOOL.606	0.6172	0.0	0.0054	0.27880000000000005	0.0014	0.09719999999999998
11712.SUBJECT26.SKIN.561	0.0126	0.0838	0.32280000000000003	0.1006	0.2204	0.2598
11712.SUBJECT24.ORAL.510	0.0008	0.9672000000000001	0.030600000000000006	0.0006000000000000001	0.0008	0.0
11712.SUBJECT9.SKIN.1189	0.0018000000000000002	0.057600000000000005	0.8966	0.0028000000000000013	0.005600000000000001	0.0356
11712.SUBJECT40.STOOL.921	0.9757999999999999	0.0004	0.0046	0.013800000000000002	0.0002	0.005200000000000001
11712.SUBJECT23.STOOL.503	0.008799999999999999	0.19439999999999996	0.009200000000000002	0.0026000000000000003	0.0004	0.7846
11713.3.S.3C	0.0422	0.0022	0.644	0.06100000000000001	0.0256	0.225
11713.13.F.13C	0.0008	0.008400000000000001	0.0258	0.1186	0.0020000000000000005	0.8443999999999999
11713.10.F.10A	0.1008	0.0172	0.040999999999999995	0.11180000000000001	0.001	0.7282
11713.18.O.18F	0.0018000000000000002	0.9620000000000001	0.029599999999999994	0.0014	0.0014	0.0038000000000000004
11712.SUBJECT9.STOOL.1205	0.7952	0.0	0.12160000000000001	0.0004	0.044	0.038799999999999994
11713.16.F.16E	0.0518	0.0002	0.43520000000000003	0.10300000000000001	0.0022000000000000006	0.4076000000000001
11712.SUBJECT19.SKIN.354	0.010399999999999998	0.0076	0.9712	0.004600000000000001	0.0018000000000000002	0.004399999999999999
11712.SUBJECT17.ORAL.207	0.061399999999999996	0.0328	0.42400000000000004	0.16379999999999997	0.014000000000000002	0.30399999999999994
11712.SUBJECT13.ORAL.108	0.0314	0.4678	0.11280000000000001	0.007200000000000001	0.04839999999999999	0.33240000000000003
11712.SUBJECT43.STOOL.1080	0.346	0.0022000000000000006	0.0028	0.471	0.0006000000000000001	0.17739999999999995
11712.SUBJECT17.SKIN.238	0.0012000000000000001	0.0018000000000000002	0.9918000000000001	0.0002	0.0044	0.0006000000000000001
11712.SUBJECT24.STOOL.521	0.27640000000000003	0.09199999999999998	0.0128	0.0036000000000000003	0.021399999999999995	0.5938
11713.12.S.12C	0.0021999999999999997	0.0	0.983	0.0002	0.012	0.0026000000000000003
11713.11.S.11A	0.016	0.0034000000000000002	0.09079999999999998	0.017800000000000003	0.039	0.8329999999999999
11712.SUBJECT12.STOOL.97	0.967	0.008800000000000002	0.021799999999999993	0.0012000000000000001	0.0012000000000000001	0.0
11713.4.F.4A	0.2702000000000001	0.007000000000000001	0.313	0.1002	0.0034000000000000002	0.30619999999999997
11713.17.S.17E	0.0092	0.0002	0.8962	0.0038000000000000004	0.0038	0.08679999999999999
11712.SUBJECT34.ORAL.729	0.009000000000000003	0.0	0.0382	0.0002	0.001	0.9515999999999998
11712.SUBJECT24.STOOL.526	0.969	0.0112	0.007800000000000001	0.0012000000000000001	0.010799999999999999	0.0
11713.12.S.12D	0.0006000000000000001	0.0	0.9443999999999999	0.0006000000000000001	0.0084	0.046
11713.11.S.11F	0.001	0.0004	0.9424000000000001	0.016800000000000002	0.0020000000000000005	0.037399999999999996
11713.17.S.17B	0.029600000000000005	0.10639999999999998	0.12679999999999997	0.074	0.0012000000000000001	0.662
11713.4.F.4F	0.313	0.0	0.4838	0.0108	0.002	0.19039999999999996
11712.SUBJECT28.ORAL.589	0.0004	0.7727999999999999	0.2122	0.0004	0.0014	0.0128
11712.SUBJECT26.STOOL.571	0.9088	0.0	0.0036000000000000003	0.087	0.0006000000000000001	0.0
11713.1.O.1C	0.008800000000000002	0.0414	0.17579999999999998	0.08859999999999998	0.0008	0.6846
11712.SUBJECT35.SKIN.763	0.008799999999999999	0.0064	0.9812	0.0006000000000000001	0.0024000000000000002	0.0006000000000000001
11713.13.F.13D	0.04279999999999999	0.0020000000000000005	0.0258	0.12999999999999998	0.0002	0.7992
11713.16.F.16B	0.0116	0.0046	0.0154	0.16519999999999999	0.0008	0.8024000000000001
11712.SUBJECT21.SKIN.453	0.0012000000000000001	0.0	0.9938000000000002	0.0002	0.004600000000000001	0.0002
11712.SUBJECT19.SKIN.353	0.0028000000000000004	0.0406	0.8251999999999999	0.0384	0.0027999999999999995	0.09019999999999997
11712.SUBJECT14.STOOL.142	0.6472	0.016400000000000005	0.0018000000000000002	0.0004	0.0002	0.334
11713.18.S.18F	0.0018000000000000002	0.0002	0.9888000000000001	0.0002	0.007000000000000001	0.0020000000000000005
11712.SUBJECT28.ORAL.587	0.0008	0.8577999999999999	0.1384	0.0	0.0026000000000000007	0.0004
11712.SUBJECT39.ORAL.831	0.001	0.7658000000000001	0.0106	0.0004	0.0002	0.22200000000000003
11712.SUBJECT36.SKIN.780	0.0016	0.013000000000000001	0.9804	0.0006000000000000001	0.0024000000000000002	0.002
11713.12.O.12C	0.0014	0.0	0.9959999999999999	0.0	0.0026	0.0
11713.11.O.11A	0.0062	0.002	0.058600000000000006	0.11460000000000001	0.0018000000000000002	0.8168000000000001
11712.SUBJECT8.STOOL.1163	0.9953999999999998	0.0004	0.0032	0.0	0.001	0.0
11712.SUBJECT42.STOOL.1020	0.7748000000000002	0.0054	0.0034000000000000002	0.0202	0.0	0.19619999999999999
11712.SUBJECT14.STOOL.139	0.9788	0.012199999999999999	0.0014	0.0004	0.0006000000000000001	0.0066
11712.SUBJECT35.ORAL.755	0.0002	0.9682000000000001	0.030200000000000005	0.0002	0.0012000000000000001	0.0
11713.12.O.12D	0.0004	0.0	0.998	0.0	0.0016	0.0
11713.5.S.5F	0.0002	0.0	0.9955999999999999	0.0018000000000000002	0.0024000000000000007	0.0
11712.SUBJECT8.STOOL.1164	0.9965999999999999	0.001	0.0012000000000000001	0.0	0.0012000000000000001	0.0
11713.17.O.17B	0.04859999999999999	0.024399999999999998	0.04820000000000001	0.09639999999999999	0.0086	0.7738000000000002
11712.SUBJECT30.SKIN.658	0.0032	0.0	0.9938	0.0	0.0024000000000000002	0.0006000000000000001
11712.SUBJECT14.ORAL.122	0.0	0.9815999999999999	0.017	0.0002	0.0012000000000000001	0.0
11712.SUBJECT24.SKIN.514	0.0018000000000000002	0.28539999999999993	0.0382	0.04199999999999999	0.6162	0.0164
11713.18.S.18A	0.0082	0.0002	0.907	0.0102	0.009200000000000003	0.06520000000000001
11712.SUBJECT12.STOOL.99	0.9914	0.0006000000000000001	0.0034000000000000002	0.004600000000000001	0.0	0.0
11712.SUBJECT23.ORAL.486	0.0	0.9742000000000001	0.0216	0.0008	0.0006000000000000001	0.0028000000000000004
11713.5.F.5A	0.8466000000000001	0.0032000000000000006	0.06980000000000001	0.007000000000000001	0.001	0.07240000000000002
11713.13.S.13E	0.0004	0.0	0.3302	0.016600000000000004	0.0018000000000000002	0.651
11712.SUBJECT38.SKIN.816	0.001	0.08719999999999999	0.8542	0.0006000000000000001	0.0034000000000000002	0.0536
11713.8.O.8D	0.012600000000000004	0.0024000000000000002	0.16639999999999996	0.11540000000000002	0.0028	0.7003999999999999
11713.15.S.15A	0.0522	0.011199999999999998	0.337	0.041600000000000005	0.032999999999999995	0.525
11713.16.S.16C	0.0782	0.0032	0.2008	0.0754	0.0328	0.6095999999999999
11712.SUBJECT4.STOOL.866	0.024199999999999996	0.08600000000000001	0.8767999999999999	0.013000000000000001	0.0	0.0
11712.SUBJECT37.STOOL.804	0.8126000000000001	0.16319999999999998	0.0104	0.0006000000000000001	0.0014	0.0118
11712.SUBJECT32.STOOL.721	0.8400000000000002	0.06660000000000002	0.011200000000000002	0.0086	0.0008000000000000001	0.07280000000000002
11712.SUBJECT6.SKIN.1096	0.0006000000000000001	0.0	0.8484	0.0	0.0034000000000000002	0.14759999999999998
11712.SUBJECT25.ORAL.534	0.0004	0.9815999999999999	0.016000000000000004	0.0004	0.0006000000000000001	0.001
11713.12.F.12E	0.007000000000000001	0.0	0.982	0.006599999999999999	0.0036000000000000003	0.0008
11713.14.F.14A	0.033600000000000005	0.0128	0.4854000000000001	0.1414	0.001	0.3258
11712.SUBJECT28.ORAL.591	0.0018000000000000002	0.783	0.18019999999999997	0.0004	0.015399999999999997	0.019200000000000002
11712.SUBJECT12.STOOL.100	0.9874	0.0	0.0012000000000000001	0.010600000000000002	0.0002	0.0006000000000000001
11712.SUBJECT26.STOOL.569	0.9893999999999998	0.0	0.009600000000000003	0.0	0.001	0.0
11712.SUBJECT17.SKIN.227	0.0016	0.09099999999999998	0.8990000000000002	0.0004	0.0016	0.006400000000000001
11713.12.F.12B	0.8088	0.0	0.0078	0.007400000000000001	0.0	0.176
11712.SUBJECT25.ORAL.533	0.0	0.9884000000000001	0.010400000000000001	0.0006000000000000001	0.0002	0.0004
11712.SUBJECT34.ORAL.731	0.0004	0.9837999999999999	0.0144	0.0004	0.0008	0.0002
11712.SUBJECT3.STOOL.637	0.9597999999999999	0.0134	0.017800000000000003	0.009000000000000001	0.0	0.0
11712.SUBJECT1.SKIN.17	0.08459999999999998	0.004600000000000002	0.8013999999999999	0.0	0.0032	0.1062
11712.SUBJECT18.STOOL.319	0.0014	0.0	0.9962	0.0	0.0024000000000000002	0.0
11712.SUBJECT17.STOOL.250	0.0078	0.0008	0.0032	0.621	0.0002	0.367
11712.SUBJECT11.STOOL.62	0.9818	0.0002	0.0004	0.016800000000000002	0.0008	0.0
11712.SUBJECT15.ORAL.146	0.0006000000000000001	0.9057999999999999	0.08279999999999997	0.0068000000000000005	0.0020000000000000005	0.002
11712.SUBJECT13.ORAL.110	0.0	0.3332	0.0176	0.0006000000000000001	0.0006000000000000001	0.6479999999999999
11712.SUBJECT5.SKIN.1085	0.029400000000000003	0.3948	0.041	0.001	0.0124	0.5214000000000001
11713.13.S.13B	0.003	0.006	0.3782	0.03700000000000001	0.011800000000000001	0.5640000000000001
11713.8.O.8C	0.07339999999999999	0.005600000000000002	0.3674	0.11320000000000001	0.0026000000000000003	0.4378000000000001
11713.15.S.15F	0.001	0.0	0.9946000000000002	0.0	0.0034000000000000002	0.001
11713.16.S.16D	0.0018000000000000002	0.0	0.991	0.0036000000000000003	0.003	0.0006000000000000001
11712.SUBJECT37.STOOL.803	0.0002	0.4024	0.08659999999999998	0.0002	0.0008	0.5097999999999999
11712.SUBJECT42.SKIN.1009	0.0012000000000000001	0.0	0.07440000000000002	0.004000000000000001	0.6858	0.2346
11712.SUBJECT3.STOOL.639	0.9872	0.005600000000000001	0.0052	0.0020000000000000005	0.0	0.0
11713.13.O.13E	0.0058	0.0032	0.038799999999999994	0.07020000000000001	0.0008	0.8812
11712.SUBJECT29.SKIN.613	0.027800000000000002	0.12079999999999999	0.4758	0.0014	0.26180000000000003	0.11240000000000001
11712.SUBJECT18.STOOL.317	0.0012000000000000001	0.0	0.9949999999999999	0.0	0.0038000000000000004	0.0
11712.SUBJECT7.ORAL.1105	0.0006000000000000001	0.9877999999999998	0.01	0.0006000000000000001	0.0004	0.0006000000000000001
11713.15.O.15A	0.0498	0.0202	0.19879999999999998	0.1068	0.0042	0.6202000000000001
11713.4.S.4A	0.0284	0.004400000000000001	0.16819999999999996	0.13640000000000002	0.0012000000000000001	0.6614000000000001
11712.SUBJECT3.ORAL.622	0.006	0.055600000000000004	0.4648	0.0556	0.001	0.417
11712.SUBJECT36.STOOL.786	0.0004	0.0002	0.998	0.0	0.001	0.0004
11712.SUBJECT1.ORAL.4	0.0002	0.9712	0.026399999999999996	0.0008	0.0008	0.0006000000000000001
11712.SUBJECT43.SKIN.1044	0.0006000000000000001	0.0008	0.9969999999999999	0.0	0.0016	0.0
11712.SUBJECT36.ORAL.771	0.018000000000000002	0.014000000000000002	0.9232000000000001	0.001	0.005000000000000001	0.038799999999999994
11712.SUBJECT27.ORAL.573	0.39060000000000006	0.0732	0.14420000000000002	0.17959999999999998	0.010799999999999999	0.2016
11712.SUBJECT1.STOOL.26	0.9972000000000001	0.0022	0.0006000000000000001	0.0	0.0	0.0
11713.3.O.3E	0.010400000000000003	0.007000000000000001	0.7386000000000001	0.04499999999999999	0.09019999999999997	0.10880000000000001
11712.SUBJECT8.SKIN.1144	0.0006000000000000001	0.072	0.05820000000000001	0.0256	0.821	0.0226
11712.SUBJECT17.ORAL.216	0.1222	0.0164	0.7087999999999999	0.03699999999999999	0.0128	0.1028
11712.SUBJECT1.ORAL.3	0.0	0.9845999999999998	0.014000000000000002	0.0006000000000000001	0.0008	0.0
11712.SUBJECT27.ORAL.574	0.0172	0.8503999999999999	0.0852	0.0128	0.001	0.0334
11713.3.O.3B	0.046799999999999994	0.06020000000000001	0.1076	0.19039999999999996	0.0394	0.5556000000000001
11712.SUBJECT8.SKIN.1143	0.039999999999999994	0.0014	0.006599999999999999	0.8088000000000001	0.1072	0.036
11712.SUBJECT41.SKIN.947	0.0004	0.0004	0.9970000000000002	0.0004	0.0014	0.0004
11712.SUBJECT10.SKIN.41	0.0004	0.0018000000000000002	0.9949999999999999	0.0002	0.0026000000000000003	0.0
11712.SUBJECT29.SKIN.614	0.0014	0.058600000000000006	0.5414000000000001	0.0002	0.2092	0.18919999999999998
11713.13.O.13B	0.0058000000000000005	0.0026000000000000003	0.033999999999999996	0.18919999999999998	0.0006000000000000001	0.7678
11712.SUBJECT7.ORAL.1102	0.0016	0.725	0.0021999999999999997	0.001	0.0002	0.27
11713.15.O.15F	0.0006000000000000001	0.0	0.9982000000000001	0.0	0.0012000000000000001	0.0
11713.18.F.18G	0.4614	0.0	0.06960000000000002	0.0073999999999999995	0.002	0.4596
11712.SUBJECT39.ORAL.829	0.0012000000000000001	0.8168000000000001	0.008400000000000001	0.0012000000000000001	0.001	0.17139999999999994
11713.16.O.16D	0.020999999999999998	0.0274	0.0394	0.12360000000000002	0.001	0.7876000000000001
11712.SUBJECT3.ORAL.625	0.049	0.5822	0.34940000000000004	0.018600000000000002	0.0002	0.0006000000000000001
11712.SUBJECT26.STOOL.567	0.0364	0.0402	0.09559999999999999	0.0006000000000000001	0.0114	0.8158
11713.4.S.4F	0.0006000000000000001	0.0	0.9016	0.0	0.0034000000000000002	0.09439999999999998
11712.SUBJECT32.ORAL.712	0.17419999999999997	0.024399999999999998	0.6752	0.0002	0.0024000000000000007	0.12360000000000002
11712.SUBJECT17.SKIN.229	0.0006000000000000001	0.0002	0.9890000000000001	0.0	0.008199999999999999	0.0020000000000000005
11712.SUBJECT21.STOOL.461	0.0678	0.05840000000000001	0.07759999999999997	0.008600000000000002	0.004	0.7836000000000001
11712.SUBJECT30.SKIN.672	0.010000000000000002	0.08859999999999998	0.2654	0.008	0.018399999999999996	0.6096000000000001
11712.SUBJECT32.SKIN.718	0.0022000000000000006	0.2716	0.644	0.0014	0.004400000000000001	0.0764
11712.SUBJECT20.STOOL.422	0.038599999999999995	0.1278	0.06699999999999999	0.04519999999999999	0.0006000000000000001	0.7207999999999999
11713.1.S.1E	0.0014	0.0	0.9842000000000001	0.0002	0.0034000000000000002	0.010799999999999999
11713.21.S.21E	0.0014	0.0006000000000000001	0.984	0.0064	0.0028000000000000004	0.0048000000000000004
11712.SUBJECT23.SKIN.493	0.0	0.0	0.9960000000000001	0.0	0.004000000000000001	0.0
11712.SUBJECT28.SKIN.595	0.0006000000000000001	0.0002	0.9757999999999999	0.0002	0.020399999999999995	0.0028000000000000004
11712.SUBJECT10.STOOL.50	0.3844	0.0414	0.5566	0.0122	0.0024000000000000002	0.003
11712.SUBJECT31.ORAL.692	0.0020000000000000005	0.0006000000000000001	0.9924	0.0004	0.004600000000000001	0.0
11712.SUBJECT19.STOOL.366	0.30019999999999997	0.0034000000000000002	0.009000000000000001	0.0048000000000000004	0.0	0.6826000000000001
11712.SUBJECT43.ORAL.1026	0.27779999999999994	0.0	0.08159999999999998	0.0038000000000000004	0.0014	0.6354
11712.SUBJECT13.SKIN.113	0.0018000000000000002	0.0008	0.9905999999999999	0.0	0.0062	0.0006000000000000001
11712.SUBJECT41.ORAL.931	0.0	0.9852000000000001	0.013999999999999999	0.0006000000000000001	0.0002	0.0
11713.25.F.25C	0.0004	0.0	0.8896	0.0002	0.0038	0.10600000000000001
11713.3.F.3D	0.001	0.0076	0.9882	0.0004	0.0024000000000000002	0.0004
11712.SUBJECT25.STOOL.546	0.022799999999999997	0.0848	0.051000000000000004	0.0008	0.0022000000000000006	0.8384
11712.SUBJECT38.ORAL.812	0.0002	0.9809999999999999	0.0178	0.0002	0.0008	0.0
11713.20.F.20E	0.0132	0.0008	0.9827999999999999	0.0	0.0032	0.0
11712.SUBJECT8.ORAL.1126	0.0026	0.020999999999999998	0.0482	0.04379999999999999	0.8022	0.0822
11712.SUBJECT27.SKIN.579	0.0004	0.0252	0.6568	0.0802	0.001	0.2364
11712.SUBJECT14.SKIN.130	0.010399999999999998	0.007800000000000001	0.9742000000000001	0.0004	0.0021999999999999997	0.005
11712.SUBJECT41.ORAL.936	0.0006000000000000001	0.9918000000000001	0.007000000000000001	0.0002	0.0004	0.0
11712.SUBJECT12.ORAL.68	0.0014	0.772	0.22600000000000003	0.0	0.0006000000000000001	0.0
11713.3.F.3C	0.0104	0.0	0.1406	0.14379999999999998	0.0006000000000000001	0.7045999999999999
11713.25.F.25D	0.0014	0.0	0.9343999999999999	0.0	0.0032	0.06100000000000001
11712.SUBJECT34.STOOL.749	0.9856	0.005800000000000001	0.0086	0.0	0.0	0.0
11712.SUBJECT20.STOOL.425	0.9601999999999998	0.0036	0.015	0.0020000000000000005	0.0008	0.018399999999999996
11712.SUBJECT16.STOOL.192	0.0004	0.08320000000000001	0.7273999999999999	0.0	0.0018000000000000002	0.1872
11712.SUBJECT40.SKIN.907	0.0004	0.0	0.9956000000000002	0.0	0.004000000000000001	0.0
11713.21.S.21B	0.016999999999999998	0.09399999999999999	0.0688	0.1048	0.0073999999999999995	0.708
11712.SUBJECT25.SKIN.537	0.04859999999999999	0.0066	0.0846	0.6602	0.14659999999999998	0.0534
11712.SUBJECT23.SKIN.494	0.0032	0.0022000000000000006	0.9878	0.0002	0.0032	0.0034000000000000002
11712.SUBJECT28.SKIN.592	0.0116	0.009000000000000001	0.041999999999999996	0.0004	0.7572	0.17979999999999996
11712.SUBJECT27.SKIN.577	0.06540000000000001	0.11520000000000001	0.3834	0.08559999999999998	0.13440000000000002	0.21600000000000003
11712.SUBJECT6.STOOL.1098	0.9126	0.0008	0.0128	0.0172	0.0006000000000000001	0.05600000000000001
11713.8.F.8E	0.3214	0.17079999999999998	0.5065999999999999	0.0	0.0012000000000000001	0.0
11712.SUBJECT24.ORAL.508	0.0008	0.9963999999999998	0.0016	0.0006000000000000001	0.0	0.0006000000000000001
11712.SUBJECT9.SKIN.1191	0.0004	0.004200000000000001	0.9896	0.0002	0.0048000000000000004	0.0008
11712.SUBJECT41.ORAL.938	0.0006000000000000001	0.9823999999999999	0.0154	0.0002	0.0014	0.0
11712.SUBJECT10.ORAL.37	0.0064	0.7308	0.25620000000000004	0.005800000000000001	0.0008	0.0
11713.21.O.21E	0.0028	0.011800000000000001	0.40440000000000004	0.18339999999999995	0.0027999999999999995	0.39480000000000004
11712.SUBJECT12.ORAL.66	0.007000000000000001	0.007800000000000001	0.9795999999999999	0.0026000000000000003	0.0018000000000000002	0.0012000000000000001
11712.SUBJECT16.SKIN.170	0.001	0.0038000000000000004	0.6586000000000001	0.0002	0.2258	0.1106
11712.SUBJECT20.ORAL.393	0.0516	0.4786	0.4516	0.018000000000000006	0.0	0.0002
11712.SUBJECT12.SKIN.81	0.0008	0.0002	0.994	0.0	0.004599999999999999	0.0004
11712.SUBJECT38.STOOL.827	0.48760000000000003	0.3838	0.0092	0.0086	0.0006000000000000001	0.1102
11712.SUBJECT7.STOOL.1115	0.007000000000000001	0.9843999999999999	0.005800000000000001	0.0027999999999999995	0.0	0.0
11712.SUBJECT25.SKIN.539	0.291	0.0066	0.6374	0.003	0.028800000000000003	0.03320000000000001
11712.SUBJECT41.ORAL.944	0.15299999999999997	0.0018000000000000002	0.046599999999999996	0.7282	0.0026000000000000003	0.06780000000000001
11712.SUBJECT6.ORAL.1088	0.19979999999999998	0.19139999999999996	0.29119999999999996	0.0522	0.0024000000000000002	0.263
11712.SUBJECT16.SKIN.177	0.0018000000000000002	0.0008	0.7542	0.0	0.11420000000000001	0.129
11712.SUBJECT20.ORAL.394	0.0038	0.9716000000000001	0.0204	0.0038000000000000004	0.0004	0.0
11712.SUBJECT37.ORAL.792	0.0	0.9876000000000001	0.0114	0.0006000000000000001	0.0004	0.0
11712.SUBJECT32.SKIN.716	0.006200000000000001	0.03599999999999999	0.9402000000000001	0.0002	0.0044	0.013000000000000003
11712.SUBJECT7.STOOL.1112	0.8079999999999998	0.0058000000000000005	0.0344	0.0038	0.04959999999999999	0.09839999999999997
11712.SUBJECT29.ORAL.610	0.009400000000000002	0.0254	0.454	0.0032	0.008800000000000002	0.4992
11712.SUBJECT19.STOOL.368	0.0732	0.293	0.6174000000000001	0.016399999999999998	0.0	0.0
11713.8.F.8B	0.0506	0.0018000000000000002	0.0528	0.2592	0.0006000000000000001	0.635
11712.SUBJECT34.SKIN.740	0.0024000000000000002	0.0008	0.6100000000000001	0.0006000000000000001	0.3732	0.013000000000000001
11712.SUBJECT25.SKIN.542	0.0014	0.0024000000000000002	0.9907999999999998	0.0002	0.0034000000000000002	0.0018000000000000002
11713.21.O.21B	0.08759999999999998	0.0026000000000000003	0.0654	0.15299999999999997	0.023999999999999997	0.6674
11712.SUBJECT21.ORAL.441	0.0142	0.967	0.013800000000000002	0.0002	0.0030000000000000005	0.0018000000000000002
11712.SUBJECT25.STOOL.548	0.1566	0.001	0.0022	0.8392	0.001	0.0
11712.SUBJECT8.ORAL.1128	0.11340000000000001	0.36940000000000006	0.2386	0.002	0.10600000000000001	0.17059999999999997
11712.SUBJECT14.STOOL.138	0.007800000000000001	0.0016	0.0024000000000000002	0.0016	0.0	0.9865999999999999
11712.SUBJECT35.ORAL.754	0.0026000000000000003	0.0	0.9937999999999999	0.0004	0.0024000000000000002	0.0008
11713.12.O.12E	0.0008	0.0	0.9964000000000001	0.0	0.002800000000000001	0.0
11713.17.O.17C	0.023600000000000003	0.011199999999999998	0.026999999999999996	0.12480000000000002	0.005200000000000001	0.8081999999999999
11712.SUBJECT8.STOOL.1165	0.9966000000000002	0.0006000000000000001	0.0012000000000000001	0.0014	0.0002	0.0
11713.14.O.14A	0.0	0.0	0.9978	0.0	0.0022	0.0
11712.SUBJECT14.ORAL.123	0.0008	0.7866000000000001	0.18579999999999997	0.0008	0.0014	0.024599999999999997
11712.SUBJECT24.SKIN.515	0.015600000000000003	0.2742	0.3791999999999999	0.1226	0.17719999999999997	0.031200000000000006
11712.SUBJECT12.STOOL.98	0.967	0.014800000000000002	0.0174	0.0006000000000000001	0.0002	0.0
11712.SUBJECT23.ORAL.487	0.0	0.9784	0.0196	0.0002	0.0002	0.0016
11713.18.S.18G	0.0038000000000000004	0.0006000000000000001	0.9798	0.0038000000000000004	0.006	0.006
11712.SUBJECT28.ORAL.586	0.001	0.0006000000000000001	0.9938	0.0002	0.0032	0.0012000000000000001
11712.SUBJECT39.ORAL.830	0.0012000000000000001	0.9825999999999999	0.010600000000000002	0.0002	0.0004	0.005
11712.SUBJECT36.SKIN.781	0.0026000000000000003	0.0834	0.9046000000000001	0.0014	0.004399999999999999	0.0036000000000000003
11713.12.O.12B	0.039799999999999995	0.0026	0.19499999999999998	0.17759999999999995	0.011200000000000002	0.5738
11713.17.O.17D	0.0596	0.026199999999999994	0.1972	0.08639999999999998	0.001	0.6296
11712.SUBJECT8.STOOL.1162	0.9924	0.0	0.0066	0.0	0.001	0.0
11712.SUBJECT42.STOOL.1021	0.7857999999999999	0.0026000000000000003	0.0038000000000000004	0.002	0.0004	0.20539999999999997
11712.SUBJECT24.STOOL.527	0.968	0.0184	0.0066	0.0004	0.0066	0.0
11713.12.S.12E	0.041999999999999996	0.0016	0.8702	0.03319999999999999	0.012999999999999998	0.039999999999999994
11713.17.S.17C	0.021799999999999996	0.007000000000000001	0.6252	0.0002	0.010400000000000001	0.3354
11713.14.S.14A	0.0008	0.0036000000000000003	0.23020000000000002	0.0	0.02	0.7454000000000001
11712.SUBJECT28.ORAL.588	0.0004	0.0904	0.7777999999999999	0.004000000000000001	0.0018000000000000002	0.12560000000000002
11712.SUBJECT26.STOOL.570	0.7602	0.0022000000000000006	0.0027999999999999995	0.23440000000000003	0.0004	0.0
11712.SUBJECT35.SKIN.762	0.0004	0.0006000000000000001	0.9957999999999998	0.0	0.0032	0.0
11713.13.F.13E	0.09179999999999998	0.027399999999999997	0.0498	0.16939999999999997	0.0024000000000000002	0.6592
11713.16.F.16C	0.007200000000000001	0.0192	0.042	0.1282	0.0020000000000000005	0.8014000000000001
11713.15.F.15A	0.0358	0.0	0.0498	0.14659999999999998	0.0014	0.7664000000000001
11712.SUBJECT19.SKIN.352	0.007600000000000001	0.0144	0.8502000000000001	0.0278	0.002	0.09799999999999999
11712.SUBJECT21.SKIN.452	0.0016	0.007600000000000001	0.885	0.0	0.0021999999999999997	0.1036
11713.13.F.13B	0.025599999999999994	0.004200000000000001	0.0318	0.17179999999999995	0.0006000000000000001	0.7659999999999999
11712.SUBJECT14.STOOL.136	0.0016	0.0006000000000000001	0.028600000000000004	0.0004	0.7444	0.22440000000000002
11713.16.F.16D	0.089	0.004200000000000001	0.18639999999999995	0.12159999999999997	0.0006000000000000001	0.5982
11713.18.O.18G	0.0	0.9400000000000001	0.034600000000000006	0.0172	0.0012000000000000001	0.007000000000000001
11713.15.F.15F	0.0006000000000000001	0.0	0.9970000000000001	0.0	0.0024000000000000002	0.0
11712.SUBJECT19.SKIN.355	0.001	0.0	0.9968	0.0002	0.002	0.0
11712.SUBJECT17.ORAL.206	0.0008	0.13879999999999998	0.5606	0.0006000000000000001	0.07700000000000001	0.2222
11712.SUBJECT13.ORAL.109	0.0006000000000000001	0.0116	0.018800000000000004	0.0002	0.002	0.9667999999999999
11712.SUBJECT17.SKIN.239	0.0012000000000000001	0.0	0.8976	0.0	0.006	0.09519999999999998
11713.12.S.12B	0.48299999999999993	0.0006000000000000001	0.022399999999999996	0.008800000000000002	0.0032	0.48200000000000004
11713.17.S.17D	0.0018000000000000002	0.0	0.9394	0.0006000000000000001	0.0030000000000000005	0.055200000000000006
11712.SUBJECT12.STOOL.96	0.9898	0.0002	0.0022	0.007800000000000001	0.0	0.0
11712.SUBJECT17.STOOL.249	0.006200000000000001	0.0016	0.0006000000000000001	0.3556	0.0	0.636
11713.1.O.1E	0.019200000000000002	0.007600000000000001	0.6636	0.0172	0.0016	0.29079999999999995
11712.SUBJECT6.ORAL.1091	0.0004	0.9844000000000002	0.0134	0.0014	0.0004	0.0
11712.SUBJECT18.ORAL.275	0.001	0.0008	0.9934	0.0006000000000000001	0.0022000000000000006	0.0020000000000000005
11713.4.O.4F	0.0032	0.0002	0.9911999999999999	0.0004	0.0022000000000000006	0.0028000000000000013
11713.20.O.20E	0.040400000000000005	0.0324	0.08	0.16699999999999998	0.0014	0.6787999999999998
11712.SUBJECT13.STOOL.114	0.8553999999999998	0.0014	0.0894	0.0002	0.030400000000000003	0.023199999999999995
11713.1.F.1C	0.7968	0.004600000000000002	0.17359999999999995	0.011	0.0016	0.012399999999999998
11712.SUBJECT43.STOOL.1065	0.009800000000000001	0.0288	0.0736	0.001	0.0058	0.881
11712.SUBJECT16.ORAL.156	0.041800000000000004	0.09319999999999998	0.3094	0.045399999999999996	0.023399999999999997	0.4868000000000001
11712.SUBJECT41.STOOL.963	0.9984	0.0004	0.0006000000000000001	0.0	0.0006000000000000001	0.0
11712.SUBJECT9.SKIN.1188	0.0002	0.0058	0.9662	0.0004	0.0264	0.001
11712.SUBJECT24.ORAL.511	0.0	0.986	0.0124	0.0006000000000000001	0.0004	0.0006000000000000001
11712.SUBJECT14.SKIN.127	0.0006000000000000001	0.0904	0.7258	0.0268	0.0534	0.10300000000000001
11712.SUBJECT41.SKIN.962	0.0008	0.0	0.9964000000000001	0.0	0.0022000000000000006	0.0006000000000000001
11712.SUBJECT23.STOOL.502	0.0021999999999999997	0.1278	0.001	0.0022	0.0	0.8667999999999999
11713.3.S.3B	0.010400000000000001	0.0632	0.44700000000000006	0.04399999999999999	0.07219999999999999	0.36319999999999997
11712.SUBJECT25.STOOL.551	0.8568	0.0020000000000000005	0.0058000000000000005	0.13479999999999998	0.0006000000000000001	0.0
11712.SUBJECT28.STOOL.600	0.9927999999999999	0.0	0.006	0.0	0.0012000000000000001	0.0
11712.SUBJECT38.ORAL.805	0.0	0.986	0.013000000000000001	0.0006000000000000001	0.0004	0.0
11712.SUBJECT8.ORAL.1131	0.8868	0.0012000000000000001	0.10919999999999999	0.0	0.0028	0.0
11712.SUBJECT9.ORAL.1172	0.0012000000000000001	0.0002	0.9936000000000001	0.0	0.004200000000000001	0.0008
11712.SUBJECT40.STOOL.927	0.0026000000000000007	0.0008	0.03300000000000001	0.0	0.0014	0.9621999999999999
11712.SUBJECT35.STOOL.766	0.9662	0.0	0.0324	0.0006000000000000001	0.0008	0.0
11712.SUBJECT19.STOOL.371	0.48979999999999996	0.13999999999999999	0.2976	0.0184	0.0012000000000000001	0.053000000000000005
11712.SUBJECT23.STOOL.505	0.013000000000000001	0.08579999999999997	0.0044	0.0038000000000000004	0.0	0.893
11712.SUBJECT10.STOOL.47	0.8224	0.004600000000000001	0.009800000000000001	0.0068000000000000005	0.001	0.15539999999999998
11712.SUBJECT18.ORAL.272	0.001	0.0	0.9956000000000002	0.0	0.003400000000000001	0.0
11712.SUBJECT29.ORAL.609	0.028800000000000003	0.2258	0.2044	0.2204	0.033400000000000006	0.2872
11712.SUBJECT43.SKIN.1061	0.1376	0.043	0.30199999999999994	0.09679999999999998	0.0018000000000000002	0.41879999999999995
11713.1.F.1D	0.1276	0.0	0.39680000000000004	0.0012000000000000001	0.0024000000000000002	0.472
11712.SUBJECT30.SKIN.665	0.0004	0.0028	0.993	0.0	0.0038000000000000004	0.0
11712.SUBJECT26.ORAL.558	0.9490000000000001	0.0046	0.013599999999999998	0.0020000000000000005	0.0024000000000000002	0.0284
11712.SUBJECT30.ORAL.654	0.005000000000000001	0.08659999999999998	0.1264	0.023199999999999995	0.011199999999999998	0.7476
11712.SUBJECT6.STOOL.1101	0.0436	0.6904	0.2484	0.017599999999999998	0.0	0.0
11713.8.S.8C	0.001	0.0	0.9948	0.0002	0.0038000000000000004	0.0002
11713.25.S.25C	0.0012000000000000001	0.0008	0.9902000000000001	0.0014	0.0038000000000000004	0.0026000000000000003
11712.SUBJECT35.SKIN.759	0.0256	0.5572	0.08199999999999999	0.1026	0.0108	0.2218
11712.SUBJECT35.STOOL.768	0.9934000000000001	0.0002	0.0058000000000000005	0.0	0.0006000000000000001	0.0
11712.SUBJECT4.SKIN.853	0.0036	0.47540000000000004	0.11179999999999998	0.0018000000000000002	0.005200000000000001	0.4022
11713.20.S.20E	0.0008	0.0	0.9917999999999999	0.0026000000000000003	0.0026000000000000007	0.0021999999999999997
11712.SUBJECT10.STOOL.49	0.0024000000000000002	0.0052	0.9902000000000001	0.0002	0.0020000000000000005	0.0
11712.SUBJECT29.ORAL.607	0.001	0.006599999999999999	0.0172	0.0002	0.9120000000000001	0.06300000000000001
11712.SUBJECT43.ORAL.1043	0.8022	0.0	0.09899999999999999	0.0073999999999999995	0.0006000000000000001	0.0908
11712.SUBJECT26.ORAL.556	0.010400000000000001	0.03459999999999999	0.16659999999999994	0.0002	0.0021999999999999997	0.7860000000000001
11712.SUBJECT3.SKIN.631	0.011000000000000001	0.055600000000000004	0.16219999999999998	0.0046	0.0002	0.7664
11712.SUBJECT8.STOOL.1150	0.9944	0.0	0.0004	0.0048000000000000004	0.0004	0.0
11712.SUBJECT31.STOOL.710	0.7844000000000001	0.1536	0.0042	0.0014	0.054000000000000006	0.0024000000000000002
11712.SUBJECT24.SKIN.520	0.0034000000000000002	0.0027999999999999995	0.982	0.0002	0.0106	0.001
11713.21.F.21B	0.0002	0.0	0.9969999999999999	0.0002	0.0022000000000000006	0.0004
11712.SUBJECT34.STOOL.750	0.9924000000000002	0.0004	0.0068000000000000005	0.0	0.0004	0.0
11712.SUBJECT16.ORAL.158	0.0006000000000000001	0.0006000000000000001	0.9964000000000001	0.0	0.0024000000000000002	0.0
11712.SUBJECT9.SKIN.1186	0.006399999999999999	0.0166	0.23520000000000002	0.020399999999999998	0.3182	0.4032
11713.8.S.8D	0.0028000000000000004	0.0	0.9954000000000001	0.0	0.0018000000000000002	0.0
11712.SUBJECT14.SKIN.129	0.0004	0.0172	0.9713999999999998	0.0	0.002	0.009
11712.SUBJECT18.SKIN.295	0.0014	0.0006000000000000001	0.9942	0.0	0.0028000000000000004	0.001
11713.25.S.25D	0.0056	0.0004	0.9764000000000002	0.004399999999999999	0.0026	0.010600000000000002
11713.20.S.20B	0.09239999999999998	0.007800000000000001	0.16899999999999998	0.0774	0.0018000000000000002	0.6516
11712.SUBJECT4.SKIN.854	0.0012000000000000001	0.0008	0.9852000000000001	0.0004	0.003	0.009400000000000002
11712.SUBJECT16.SKIN.176	0.001	0.0006000000000000001	0.7117999999999999	0.0002	0.133	0.15339999999999998
11712.SUBJECT20.ORAL.395	0.0062000000000000015	0.9624	0.024399999999999998	0.006200000000000001	0.0002	0.0006000000000000001
11712.SUBJECT37.ORAL.793	0.0006000000000000001	0.9883999999999998	0.0102	0.0	0.0008	0.0
11712.SUBJECT32.SKIN.717	0.0018000000000000002	0.0384	0.9404000000000001	0.001	0.01	0.008400000000000001
11712.SUBJECT38.STOOL.821	0.07899999999999999	0.8180000000000002	0.0854	0.017400000000000002	0.00020000000000000004	0.0
11712.SUBJECT7.STOOL.1113	0.0	0.9997999999999999	0.0002	0.0	0.0	0.0
11712.SUBJECT29.ORAL.611	0.0	0.9936	0.006	0.0002	0.0	0.0002
11712.SUBJECT19.STOOL.369	0.8422000000000001	0.055600000000000004	0.092	0.010199999999999999	0.0	0.0
11713.5.O.5F	0.0066	0.0006000000000000001	0.9815999999999999	0.004999999999999999	0.0024000000000000002	0.0038
11713.8.F.8C	0.04079999999999999	0.042199999999999994	0.1086	0.11460000000000001	0.0026000000000000003	0.6912
11712.SUBJECT25.SKIN.543	0.003	0.0064	0.9686	0.0020000000000000005	0.008200000000000002	0.011800000000000001
11713.21.O.21C	0.0046	0.0008	0.9724	0.014400000000000001	0.0006000000000000001	0.007200000000000001
11712.SUBJECT34.SKIN.741	0.0004	0.001	0.9917999999999999	0.0	0.005200000000000001	0.0016
11713.22.O.22A	0.09499999999999999	0.009999999999999998	0.03459999999999999	0.18959999999999996	0.0008	0.6700000000000002
11712.SUBJECT10.ORAL.31	0.04379999999999999	0.2484	0.4288	0.0066	0.0008	0.2716
11712.SUBJECT25.STOOL.549	0.3854	0.0016	0.0042	0.6062	0.0026000000000000003	0.0
11712.SUBJECT21.ORAL.440	0.057600000000000005	0.075	0.6406000000000001	0.0020000000000000005	0.0006000000000000001	0.2242
11712.SUBJECT19.ORAL.340	0.0016	0.0006000000000000001	0.9852000000000001	0.0004	0.0020000000000000005	0.010199999999999999
11713.8.F.8D	0.5066	0.004200000000000001	0.016800000000000002	0.3588	0.0078	0.1058
11712.SUBJECT9.SKIN.1190	0.0004	0.0	0.9954000000000001	0.0	0.004200000000000001	0.0
11712.SUBJECT24.ORAL.509	0.0006000000000000001	0.9548	0.040799999999999996	0.001	0.002	0.0008
11713.21.O.21D	0.17579999999999998	0.0034000000000000002	0.8118000000000001	0.005600000000000001	0.0032	0.0002
11712.SUBJECT25.SKIN.544	0.0020000000000000005	0.0034000000000000002	0.9352	0.0004	0.0056	0.0534
11712.SUBJECT10.ORAL.36	0.006599999999999999	0.9077999999999999	0.0814	0.0032	0.001	0.0
11712.SUBJECT41.ORAL.939	0.0012000000000000001	0.9555999999999999	0.0404	0.0002	0.0022	0.0004
11713.22.O.22F	0.0006000000000000001	0.0	0.9975999999999999	0.0	0.0018000000000000002	0.0
11712.SUBJECT12.ORAL.67	0.0004	0.2986	0.6977999999999999	0.0008	0.0024000000000000002	0.0
11712.SUBJECT20.ORAL.392	0.20239999999999997	0.4224	0.207	0.03320000000000001	0.0006000000000000001	0.1344
11712.SUBJECT34.STOOL.746	0.9945999999999999	0.0	0.0048000000000000004	0.0002	0.0004	0.0
11712.SUBJECT38.STOOL.826	0.9102000000000002	0.0528	0.0206	0.008400000000000001	0.0008	0.007200000000000001
11712.SUBJECT12.SKIN.80	0.0	0.0002	0.9957999999999998	0.0	0.004000000000000001	0.0
11712.SUBJECT2.ORAL.382	0.0018000000000000002	0.9588000000000001	0.0202	0.0038	0.0002	0.015199999999999997
11712.SUBJECT40.SKIN.908	0.0	0.0002	0.9944	0.0	0.0048000000000000004	0.0006000000000000001
11712.SUBJECT7.STOOL.1114	0.001	0.9926000000000001	0.0036000000000000003	0.0014	0.0012000000000000001	0.0002
11712.SUBJECT41.ORAL.945	0.001	0.006000000000000001	0.8347999999999999	0.0	0.0016	0.1566
11712.SUBJECT25.SKIN.538	0.0028	0.0028000000000000004	0.8726	0.0022000000000000006	0.11600000000000002	0.0036
11712.SUBJECT6.ORAL.1089	0.0	0.9847999999999999	0.0134	0.0008	0.001	0.0
11712.SUBJECT27.SKIN.578	0.0027999999999999995	0.0246	0.6476	0.0258	0.039799999999999995	0.25939999999999996
11712.SUBJECT6.STOOL.1097	0.9870000000000001	0.0	0.0036000000000000003	0.0048000000000000004	0.0004	0.004200000000000001
11712.SUBJECT24.ORAL.507	0.0008	0.4262	0.20299999999999999	0.009	0.08819999999999999	0.27280000000000004
11712.SUBJECT41.ORAL.937	0.001	0.993	0.0048000000000000004	0.0008	0.0002	0.0002
11712.SUBJECT14.SKIN.131	0.0012000000000000001	0.0	0.994	0.0	0.0032	0.0016
11713.25.F.25E	0.001	0.0	0.9932000000000001	0.0	0.002	0.0038000000000000004
11713.3.F.3B	0.0014	0.0236	0.35760000000000003	0.09039999999999998	0.0012000000000000001	0.5258
11712.SUBJECT12.ORAL.69	0.004	0.596	0.3974	0.0014	0.0012000000000000001	0.0
11713.20.F.20C	0.0098	0.0002	0.0154	0.0	0.0002	0.9743999999999999
11712.SUBJECT30.SKIN.674	0.0006000000000000001	0.004200000000000001	0.9864	0.0	0.004200000000000001	0.004600000000000001
11712.SUBJECT34.STOOL.748	0.9951999999999999	0.0002	0.0042	0.0002	0.0002	0.0
11712.SUBJECT16.STOOL.193	0.5673999999999999	0.0022000000000000006	0.2696	0.0034000000000000002	0.0018000000000000002	0.1556
11712.SUBJECT20.STOOL.424	0.9856	0.0014	0.010600000000000002	0.0	0.0006000000000000001	0.0018000000000000002
11712.SUBJECT40.SKIN.906	0.0006000000000000001	0.0	0.9941999999999999	0.0	0.005200000000000001	0.0
11713.21.S.21C	0.0014	0.001	0.8742000000000001	0.022999999999999996	0.0028	0.09759999999999999
11713.1.S.1C	0.0002	0.0	0.9465999999999999	0.0	0.0020000000000000005	0.0512
11712.SUBJECT23.SKIN.495	0.0006000000000000001	0.0008	0.9917999999999999	0.0	0.0038000000000000004	0.003
11712.SUBJECT6.ORAL.1087	0.0036000000000000003	0.09839999999999999	0.15839999999999999	0.0002	0.0018000000000000002	0.7375999999999999
11712.SUBJECT28.SKIN.593	0.004000000000000001	0.0186	0.039599999999999996	0.0006000000000000001	0.7914	0.14579999999999999
11712.SUBJECT30.SKIN.673	0.0016	0.0016	0.9026	0.0002	0.0038000000000000004	0.09019999999999997
11712.SUBJECT11.SKIN.60	0.0018000000000000002	0.0008	0.994	0.0002	0.0030000000000000005	0.0002
11712.SUBJECT16.STOOL.194	0.8399999999999999	0.0	0.0498	0.0024000000000000002	0.002	0.1058
11712.SUBJECT20.STOOL.423	0.6308	0.1062	0.24420000000000003	0.0178	0.0002	0.0008
11713.1.S.1D	0.0008	0.0004	0.7047999999999999	0.012399999999999998	0.003	0.27859999999999996
11713.22.S.22F	0.0022000000000000006	0.0021999999999999997	0.9826	0.004200000000000001	0.005	0.0038000000000000004
11712.SUBJECT23.SKIN.492	0.056400000000000006	0.0794	0.7878000000000001	0.0002	0.0056	0.0706
11712.SUBJECT28.SKIN.594	0.0018000000000000002	0.017599999999999998	0.9498000000000001	0.0004	0.0262	0.004200000000000001
11712.SUBJECT10.STOOL.51	0.16379999999999997	0.49720000000000003	0.3181999999999999	0.0094	0.0020000000000000005	0.0094
11712.SUBJECT19.STOOL.367	0.08399999999999999	0.2092	0.6832	0.0232	0.0	0.0004
11712.SUBJECT31.ORAL.693	0.015000000000000003	0.021800000000000003	0.9545999999999999	0.007600000000000001	0.0002	0.0008
11712.SUBJECT13.SKIN.112	0.0034000000000000002	0.15539999999999998	0.7587999999999999	0.0024000000000000007	0.004200000000000001	0.07579999999999999
11712.SUBJECT11.ORAL.56	0.0	0.9848000000000001	0.013800000000000002	0.0004	0.001	0.0
11712.SUBJECT25.STOOL.547	0.7226	0.009	0.0484	0.0024000000000000002	0.036199999999999996	0.18139999999999995
11713.25.F.25B	0.0104	0.013399999999999999	0.8708	0.007600000000000001	0.002	0.09579999999999998
11712.SUBJECT8.ORAL.1127	0.367	0.18919999999999998	0.1428	0.0128	0.0986	0.18959999999999996
11713.20.F.20D	0.0008	0.0	0.9972000000000001	0.0	0.0016	0.0004
11712.SUBJECT17.ORAL.217	0.015400000000000002	0.007400000000000001	0.9204000000000001	0.026799999999999997	0.011600000000000001	0.018399999999999996
11712.SUBJECT1.ORAL.2	0.0372	0.3784	0.3408	0.05720000000000001	0.019399999999999997	0.16699999999999998
11712.SUBJECT27.ORAL.575	0.0682	0.0618	0.599	0.011199999999999998	0.03200000000000001	0.22780000000000006
11712.SUBJECT42.SKIN.1001	0.002	0.0	0.9949999999999999	0.0	0.0030000000000000005	0.0
11712.SUBJECT10.SKIN.40	0.17339999999999997	0.0096	0.508	0.05159999999999999	0.0006000000000000001	0.25680000000000003
11712.SUBJECT7.ORAL.1103	0.015	0.9558	0.005200000000000001	0.004000000000000001	0.001	0.019
11713.10.O.10A	0.04619999999999999	0.0002	0.058199999999999995	0.29259999999999997	0.0006000000000000001	0.6022
11712.SUBJECT29.SKIN.615	0.019799999999999995	0.30239999999999995	0.4932	0.007200000000000001	0.09439999999999998	0.08299999999999999
11713.13.O.13C	0.0073999999999999995	0.0026000000000000007	0.10940000000000001	0.12560000000000002	0.0004	0.7545999999999999
11712.SUBJECT3.ORAL.624	0.05740000000000001	0.5109999999999999	0.4104	0.021199999999999997	0.0	0.0
11713.16.O.16E	0.0538	0.04279999999999999	0.06200000000000001	0.18119999999999997	0.0008	0.6594000000000001
11713.4.S.4G	0.0014	0.0	0.9782	0.0	0.0022	0.0182
11713.18.F.18F	0.29999999999999993	0.0	0.0044	0.004200000000000001	0.0	0.6914
11712.SUBJECT40.ORAL.882	0.0002	0.6506	0.045599999999999995	0.0002	0.0004	0.303
11712.SUBJECT17.SKIN.228	0.0006000000000000001	0.0048000000000000004	0.9893999999999998	0.0018000000000000002	0.002	0.0014
11712.SUBJECT32.ORAL.713	0.0008	0.06	0.9346	0.0002	0.0018000000000000002	0.0026000000000000003
11712.SUBJECT3.STOOL.638	0.9658	0.014400000000000001	0.012399999999999998	0.0068000000000000005	0.0004	0.0002
11712.SUBJECT7.ORAL.1104	0.0012000000000000001	0.9974000000000001	0.0008	0.0004	0.0002	0.0
11712.SUBJECT18.STOOL.316	0.0014	0.0002	0.9955999999999999	0.0	0.0028000000000000004	0.0
11713.13.O.13D	0.0016	0.0002	0.6602	0.0034000000000000002	0.0018000000000000002	0.33280000000000004
11712.SUBJECT29.SKIN.612	0.032600000000000004	0.006	0.1062	0.11340000000000001	0.5777999999999999	0.16399999999999998
11712.SUBJECT3.ORAL.623	0.0502	0.4986	0.4276	0.023399999999999997	0.0	0.0002
11713.16.O.16B	0.04739999999999999	0.0096	0.021599999999999998	0.17939999999999995	0.0004	0.7415999999999998
11713.18.F.18A	0.0006000000000000001	0.0	0.9942	0.0020000000000000005	0.0032	0.0
11712.SUBJECT40.ORAL.885	0.003	0.013199999999999998	0.9658	0.0004	0.0042	0.0134
11712.SUBJECT36.STOOL.787	0.0344	0.8126	0.04599999999999999	0.003999999999999999	0.0011999999999999997	0.10179999999999997
11712.SUBJECT2.SKIN.386	0.0008	0.0934	0.7331999999999999	0.001	0.0024000000000000002	0.16919999999999996
11712.SUBJECT32.ORAL.714	0.0008	0.16939999999999997	0.8268000000000001	0.0	0.0030000000000000005	0.0
11712.SUBJECT1.ORAL.5	0.0	0.9770000000000001	0.0216	0.0002	0.0012000000000000001	0.0
11712.SUBJECT43.SKIN.1045	0.0008	0.0	0.9962000000000002	0.0	0.0024000000000000002	0.0006000000000000001
11713.3.O.3D	0.007600000000000001	0.0	0.9238	0.004600000000000002	0.0132	0.0508
11712.SUBJECT42.SKIN.1006	0.0	0.0	0.9925999999999998	0.0	0.007000000000000001	0.0004
11712.SUBJECT9.STOOL.1212	0.0006000000000000001	0.0002	0.9959999999999999	0.0	0.0016	0.0016
11712.SUBJECT42.ORAL.993	0.0742	0.096	0.08919999999999997	0.25379999999999997	0.04159999999999999	0.4452000000000001
11712.SUBJECT8.SKIN.1145	0.03180000000000001	0.4514	0.18239999999999998	0.0028000000000000004	0.20379999999999998	0.12780000000000002
11713.11.F.11A	0.0166	0.04939999999999999	0.0958	0.06739999999999999	0.011	0.7598
11712.SUBJECT34.ORAL.730	0.392	0.4064	0.19539999999999996	0.0048000000000000004	0.0014	0.0
11713.12.F.12C	0.001	0.0	0.9945999999999999	0.0026000000000000003	0.0016	0.0002
11712.SUBJECT25.ORAL.532	0.0	0.9856	0.012199999999999999	0.0004	0.001	0.0008
11713.17.F.17E	0.06100000000000001	0.03200000000000001	0.0838	0.1372	0.003	0.683
11712.SUBJECT1.SKIN.16	0.10880000000000001	0.0044	0.883	0.0002	0.0034000000000000002	0.0002
11712.SUBJECT17.STOOL.251	0.0068000000000000005	0.0006000000000000001	0.0	0.7262	0.0004	0.266
11712.SUBJECT18.STOOL.318	0.0014	0.0002	0.9938	0.0	0.0032	0.0014
11712.SUBJECT11.STOOL.63	0.9586	0.0008	0.0046	0.03579999999999999	0.0002	0.0
11712.SUBJECT15.ORAL.147	0.001	0.9914000000000002	0.0064	0.001	0.0	0.0002
11712.SUBJECT22.SKIN.471	0.0392	0.0058000000000000005	0.8562	0.011600000000000001	0.0020000000000000005	0.08519999999999998
11713.10.S.10A	0.0006000000000000001	0.005	0.18779999999999997	0.0	0.30379999999999996	0.5028
11713.13.S.13C	0.0002	0.0008	0.7074	0.0002	0.0018000000000000002	0.28959999999999997
11713.16.S.16E	0.0008	0.0	0.9932000000000001	0.0016	0.0036000000000000003	0.0008
11713.15.S.15G	0.0004	0.0	0.9404	0.0	0.0026000000000000003	0.056600000000000004
11713.8.O.8B	0.031200000000000006	0.004	0.26260000000000006	0.11180000000000001	0.009199999999999998	0.5811999999999999
11712.SUBJECT27.STOOL.581	0.2242	0.024799999999999996	0.04279999999999999	0.0016	0.0038	0.7028
11712.SUBJECT38.SKIN.817	0.0002	0.0	0.9959999999999999	0.0	0.0038000000000000004	0.0
11713.13.S.13D	0.001	0.0	0.6871999999999999	0.0	0.0020000000000000005	0.3098
11712.SUBJECT4.STOOL.867	0.0196	0.0346	0.9361999999999998	0.008	0.0016	0.0
11713.16.S.16B	0.07239999999999999	0.0024000000000000002	0.16499999999999998	0.12600000000000003	0.0008	0.6334
11713.8.O.8E	0.004999999999999999	0.007200000000000001	0.5104	0.09799999999999999	0.0026000000000000003	0.3768
11713.11.F.11F	0.9922000000000001	0.0002	0.006400000000000001	0.0	0.0012000000000000001	0.0
11712.SUBJECT25.ORAL.535	0.0	0.983	0.0156	0.0006000000000000001	0.0008	0.0
11713.12.F.12D	0.0066	0.0002	0.9865999999999999	0.0032	0.0024000000000000002	0.001
11712.SUBJECT1.SKIN.11	0.0012000000000000001	0.1196	0.1376	0.0012000000000000001	0.0018000000000000002	0.7385999999999999
11713.17.F.17B	0.05900000000000001	0.009399999999999999	0.045799999999999993	0.18159999999999996	0.0012000000000000001	0.703
11712.SUBJECT28.ORAL.590	0.0012000000000000001	0.8771999999999999	0.0996	0.0002	0.0044	0.017400000000000002
11712.SUBJECT26.STOOL.568	0.9884000000000001	0.0016	0.0082	0.0	0.0012000000000000001	0.0006000000000000001
11712.SUBJECT17.SKIN.226	0.04259999999999999	0.0116	0.645	0.0082	0.06000000000000001	0.2326
11712.SUBJECT30.STOOL.682	0.1618	0.7368	0.032	0.0026000000000000003	0.0016	0.06520000000000001
11712.SUBJECT37.SKIN.799	0.0004	0.0158	0.9800000000000001	0.0	0.0024000000000000002	0.0014