SampleID	FT_infant_stool	adult_oral	adult_skin	adult_stool	vaginal	Unknown
11712.SUBJECT33.STOOL.727	0.6596000000000001	0.0006000000000000001	0.2944	0.0002	0.0024000000000000002	0.04279999999999999
11713.20.S.20C	0.001	0.0004	0.99	0.0006000000000000001	0.0024000000000000002	0.005600000000000001
11713.25.S.25E	0.0008	0.0004	0.9955999999999999	0.0	0.002	0.0012000000000000001
11712.SUBJECT23.STOOL.499	0.087	0.0182	0.12520000000000003	0.0356	0.005399999999999999	0.7285999999999999
11712.SUBJECT41.STOOL.971	0.9956000000000002	0.0032	0.001	0.0002	0.0	0.0
11712.SUBJECT43.ORAL.1024	0.8652	0.0002	0.12720000000000004	0.0	0.0054	0.002
11712.SUBJECT19.STOOL.364	0.10899999999999999	0.012800000000000002	0.19839999999999997	0.009400000000000002	0.0014	0.6689999999999999
11712.SUBJECT41.ORAL.939	0.0024000000000000002	0.9450000000000001	0.04859999999999999	0.0006000000000000001	0.0016	0.0018000000000000002
11713.5.S.5B	0.0174	0.0021999999999999997	0.6115999999999999	0.14839999999999998	0.0028	0.21760000000000002
11712.SUBJECT25.SKIN.544	0.004	0.0032	0.9436	0.0002	0.014799999999999999	0.03420000000000001
11712.SUBJECT9.SKIN.1190	0.0004	0.0002	0.9960000000000001	0.0	0.0034000000000000002	0.0
11712.SUBJECT24.ORAL.509	0.0002	0.9658	0.0258	0.0008	0.006999999999999999	0.0004
11712.SUBJECT22.STOOL.477	0.007200000000000001	0.0156	0.04279999999999999	0.0004	0.0012000000000000001	0.9328
11713.22.F.22A	0.09479999999999998	0.020399999999999998	0.0418	0.5438	0.0094	0.2898
11712.SUBJECT20.ORAL.392	0.07560000000000001	0.6042000000000002	0.1626	0.020800000000000003	0.0004	0.13640000000000002
11713.21.F.21C	0.001	0.0004	0.9202	0.0	0.0026000000000000003	0.07579999999999999
11712.SUBJECT16.SKIN.171	0.002	0.0126	0.882	0.0002	0.023799999999999995	0.0794
11712.SUBJECT6.ORAL.1089	0.0	0.9862	0.013800000000000002	0.0	0.0	0.0
11712.SUBJECT20.STOOL.420	0.0406	0.0716	0.14819999999999997	0.012	0.0012000000000000001	0.7263999999999999
11712.SUBJECT25.SKIN.538	0.0018000000000000002	0.0036	0.9277999999999998	0.0036000000000000003	0.06100000000000001	0.0022
11712.SUBJECT41.ORAL.945	0.0006000000000000001	0.006	0.8623999999999998	0.0008	0.0012000000000000001	0.129
11712.SUBJECT21.STOOL.463	0.9940000000000001	0.0	0.004400000000000001	0.0	0.0014	0.0002
11712.SUBJECT40.SKIN.908	0.0	0.0002	0.9960000000000001	0.0	0.0036000000000000003	0.0002
11712.SUBJECT32.SKIN.717	0.005599999999999999	0.0332	0.9441999999999998	0.003400000000000001	0.0036000000000000003	0.009999999999999998
11712.SUBJECT37.ORAL.793	0.0	0.9918000000000001	0.0082	0.0	0.0	0.0
11712.SUBJECT20.ORAL.395	0.0032	0.9734	0.019799999999999995	0.0012000000000000001	0.0	0.0024000000000000002
11713.21.F.21D	0.0006000000000000001	0.0006000000000000001	0.9976	0.0	0.0012000000000000001	0.0
11712.SUBJECT16.SKIN.176	0.0002	0.003999999999999999	0.7118	0.0056	0.2166	0.06180000000000001
11712.SUBJECT29.ORAL.611	0.0002	0.9804	0.016599999999999997	0.0018000000000000002	0.0	0.001
11712.SUBJECT20.STOOL.427	0.9480000000000001	0.045	0.0048000000000000004	0.0018000000000000002	0.0002	0.0002
11713.20.S.20D	0.0006000000000000001	0.001	0.9873999999999998	0.006199999999999999	0.0028	0.0020000000000000005
11712.SUBJECT8.ORAL.1129	0.037999999999999985	0.011799999999999998	0.7827999999999998	0.022799999999999994	0.06019999999999999	0.08439999999999998
11712.SUBJECT19.ORAL.340	0.0016	0.0006000000000000001	0.9855999999999998	0.0004	0.0020000000000000005	0.009800000000000001
11712.SUBJECT21.ORAL.440	0.005600000000000001	0.0073999999999999995	0.9461999999999999	0.0034000000000000002	0.0002	0.0372
11712.SUBJECT18.STOOL.320	0.0014	0.0008	0.9686	0.001	0.0032	0.024999999999999998
11712.SUBJECT34.SKIN.741	0.0004	0.0008	0.9917999999999999	0.0002	0.005200000000000001	0.0016
11712.SUBJECT25.SKIN.543	0.0038000000000000004	0.004400000000000001	0.9593999999999999	0.0004	0.0068000000000000005	0.0252
11713.5.S.5E	0.0004	0.0004	0.9949999999999998	0.0	0.0026000000000000003	0.0016
11713.20.O.20C	0.0722	0.0622	0.15139999999999998	0.1256	0.024199999999999996	0.5644000000000001
11713.25.O.25E	0.1604	0.17679999999999996	0.2634	0.10540000000000001	0.019799999999999998	0.2742
11713.1.O.1G	0.0128	0.0014	0.7352000000000002	0.029000000000000005	0.002	0.21960000000000002
11712.SUBJECT30.SKIN.673	0.0064	0.0024000000000000002	0.8876000000000002	0.0002	0.0034000000000000002	0.09999999999999999
11712.SUBJECT28.SKIN.594	0.0018000000000000002	0.014000000000000002	0.9425999999999999	0.0012000000000000001	0.0372	0.0032
11712.SUBJECT3.ORAL.625	0.0132	0.978	0.008	0.0008	0.0	0.0
11712.SUBJECT31.STOOL.705	0.017400000000000002	0.8672000000000001	0.11339999999999999	0.0016	0.0004	0.0
11712.SUBJECT23.SKIN.492	0.05820000000000001	0.003	0.8058	0.0002	0.0034000000000000002	0.12940000000000002
11712.SUBJECT34.STOOL.745	0.8784000000000001	0.0034000000000000002	0.0452	0.0	0.003799999999999999	0.06920000000000001
11713.4.F.4B	0.0144	0.0016	0.2996	0.055999999999999994	0.0006000000000000001	0.6277999999999999
11712.SUBJECT10.SKIN.41	0.0032	0.0002	0.9948	0.0	0.0012000000000000001	0.0006000000000000001
11712.SUBJECT41.STOOL.978	0.9987999999999999	0.0004	0.0008	0.0	0.0	0.0
11712.SUBJECT31.ORAL.693	0.015600000000000003	0.3678	0.6134	0.0026000000000000003	0.0004	0.0002
11712.SUBJECT1.STOOL.21	0.1558	0.030400000000000003	0.4504	0.0072	0.0002	0.356
11712.SUBJECT10.STOOL.51	0.2718	0.501	0.21339999999999998	0.0008	0.0064	0.0066
11712.SUBJECT8.ORAL.1127	0.3509999999999999	0.13199999999999995	0.31939999999999996	0.05139999999999999	0.06259999999999998	0.08359999999999998
11712.SUBJECT13.SKIN.112	0.0018000000000000002	0.18719999999999998	0.6798	0.0034000000000000002	0.005600000000000001	0.1222
11712.SUBJECT1.STOOL.26	0.9998000000000001	0.0	0.0	0.0	0.0	0.0002
11712.SUBJECT27.SKIN.578	0.007799999999999999	0.03299999999999999	0.6777999999999998	0.012799999999999997	0.04099999999999999	0.22759999999999994
11712.SUBJECT14.SKIN.131	0.002	0.0	0.9960000000000001	0.0002	0.0012000000000000001	0.0006000000000000001
11712.SUBJECT17.STOOL.260	0.015000000000000003	0.001	0.009999999999999998	0.033600000000000005	0.0034000000000000002	0.9369999999999999
11712.SUBJECT41.ORAL.937	0.0002	0.9960000000000001	0.0026000000000000003	0.0012000000000000001	0.0	0.0
11712.SUBJECT24.ORAL.507	0.0004	0.2868	0.3992	0.016400000000000005	0.04599999999999999	0.2512
11712.SUBJECT22.STOOL.479	0.0	0.9956000000000002	0.0034000000000000002	0.001	0.0	0.0
11712.SUBJECT30.SKIN.674	0.0012000000000000001	0.0066	0.9836	0.0	0.0024000000000000002	0.0062
11712.SUBJECT6.ORAL.1087	0.0002	0.0008	0.8362	0.0	0.0002	0.1626
11712.SUBJECT28.SKIN.593	0.0064	0.004200000000000001	0.27660000000000007	0.0	0.6006	0.11220000000000001
11712.SUBJECT38.STOOL.822	0.11539999999999999	0.8724000000000001	0.0078	0.0024000000000000007	0.0020000000000000005	0.0
11712.SUBJECT3.ORAL.622	0.002	0.0268	0.686	0.030400000000000003	0.0	0.2548
11712.SUBJECT31.STOOL.702	0.7007999999999999	0.022	0.25599999999999995	0.0024000000000000007	0.0018000000000000002	0.017000000000000005
11712.SUBJECT23.SKIN.495	0.0006000000000000001	0.0004	0.9958	0.0	0.0026	0.0006000000000000001
11712.SUBJECT40.SKIN.906	0.0002	0.0	0.9982	0.0	0.0016	0.0
11713.4.F.4E	0.2062	0.0	0.5790000000000002	0.0	0.005600000000000001	0.2092
11712.SUBJECT30.STOOL.681	0.0154	0.8952	0.0314	0.0002	0.0026000000000000003	0.055200000000000006
11712.SUBJECT29.SKIN.612	0.03520000000000001	0.0064	0.29440000000000005	0.07060000000000001	0.48340000000000005	0.11000000000000001
11712.SUBJECT3.SKIN.628	0.0002	0.0954	0.6740000000000002	0.001	0.017599999999999998	0.2118
11712.SUBJECT7.ORAL.1104	0.0008	0.9968	0.0014	0.001	0.0	0.0
11712.SUBJECT3.STOOL.638	0.9587999999999999	0.03560000000000001	0.0044	0.001	0.0002	0.0
11712.SUBJECT32.ORAL.714	0.0004	0.23080000000000003	0.7676000000000001	0.0002	0.001	0.0
11713.17.S.17E	0.0088	0.0006000000000000001	0.8750000000000002	0.0012000000000000001	0.0014	0.11300000000000002
11713.4.O.4C	0.0006000000000000001	0.0006000000000000001	0.9964000000000001	0.0	0.0018000000000000002	0.0006000000000000001
11713.12.S.12C	0.011	0.012	0.8453999999999999	0.0008	0.1294	0.0014
11712.SUBJECT40.ORAL.885	0.003	0.022399999999999996	0.9598000000000001	0.003	0.0028000000000000004	0.009
11713.11.S.11A	0.007000000000000001	0.005	0.15619999999999998	0.007600000000000001	0.046200000000000005	0.7779999999999999
11712.SUBJECT12.ORAL.68	0.001	0.8026000000000002	0.19399999999999998	0.0006000000000000001	0.0018000000000000002	0.0
11712.SUBJECT8.SKIN.1145	0.044800000000000006	0.4962	0.17159999999999997	0.012999999999999998	0.19599999999999998	0.0784
11713.18.O.18F	0.001	0.9494	0.0386	0.0	0.0018000000000000002	0.009200000000000002
11712.SUBJECT21.STOOL.458	0.9857999999999999	0.0	0.004600000000000001	0.008000000000000002	0.0016	0.0
11713.16.F.16E	0.03219999999999999	0.0064	0.42300000000000004	0.09839999999999999	0.0054	0.4346
11712.SUBJECT33.SKIN.725	0.0012000000000000001	0.10840000000000001	0.5312	0.006599999999999999	0.0004	0.35219999999999996
11712.SUBJECT42.ORAL.993	0.1366	0.14179999999999998	0.04859999999999999	0.19579999999999997	0.039999999999999994	0.4372
11713.13.F.13C	0.0002	0.0018000000000000002	0.23200000000000004	0.07859999999999999	0.0027999999999999995	0.6846
11713.10.F.10A	0.08719999999999999	0.003999999999999999	0.28559999999999997	0.0818	0.0002	0.5412000000000001
11712.SUBJECT17.ORAL.217	0.014399999999999996	0.007200000000000001	0.9364000000000001	0.0176	0.008600000000000002	0.015799999999999998
11712.SUBJECT27.STOOL.582	0.9962	0.0	0.0032	0.0	0.0006000000000000001	0.0
11713.16.F.16B	0.0064	0.012	0.06020000000000001	0.0492	0.0004	0.8717999999999998
11713.13.F.13D	0.027000000000000003	0.001	0.4316000000000001	0.054000000000000006	0.0002	0.4862
11712.SUBJECT27.ORAL.575	0.1426	0.15419999999999998	0.3814	0.00020000000000000004	0.06400000000000002	0.25759999999999994
11712.SUBJECT39.ORAL.828	0.0002	0.0334	0.6973999999999999	0.011200000000000002	0.0002	0.2576
11712.SUBJECT29.SKIN.615	0.0142	0.1046	0.7608	0.0088	0.04959999999999999	0.06200000000000001
11713.1.F.1A	0.0038000000000000004	0.0418	0.1262	0.1352	0.0002	0.6928000000000001
11712.SUBJECT7.ORAL.1103	0.015600000000000003	0.7078000000000001	0.18639999999999998	0.002800000000000001	0.0	0.0874
11712.SUBJECT32.ORAL.713	0.001	0.10600000000000001	0.8799999999999999	0.0012000000000000001	0.001	0.0108
11712.SUBJECT17.SKIN.228	0.0008	0.013000000000000001	0.977	0.0006000000000000001	0.0054	0.0032
11713.17.S.17B	0.007200000000000001	0.05319999999999999	0.35	0.07699999999999999	0.0	0.5126000000000001
11712.SUBJECT40.ORAL.882	0.001	0.007600000000000001	0.0152	0.0016	0.0004	0.9742
11713.12.S.12D	0.0064	0.0422	0.6812	0.0002	0.23159999999999997	0.0384
11713.4.O.4D	0.0006000000000000001	0.0006000000000000001	0.9959999999999999	0.0	0.001	0.0018000000000000002
11713.11.S.11F	0.0018000000000000002	0.0028000000000000004	0.8632	0.021199999999999997	0.0034000000000000002	0.10759999999999999
11712.SUBJECT29.STOOL.618	0.576	0.0006000000000000001	0.0002	0.4178	0.0004	0.005
11712.SUBJECT42.SKIN.1005	0.0144	0.26280000000000003	0.6529999999999999	0.0048000000000000004	0.06300000000000001	0.002
11712.SUBJECT9.STOOL.1211	0.0014	0.0008	0.9886000000000001	0.0	0.008000000000000002	0.0012000000000000001
11712.SUBJECT4.STOOL.867	0.022000000000000002	0.5182	0.4568	0.001	0.002	0.0
11712.SUBJECT38.SKIN.817	0.0016	0.0032	0.9917999999999999	0.0	0.002	0.0014
11712.SUBJECT43.SKIN.1046	0.0004	0.0008	0.9962	0.0	0.0004	0.0022
11713.12.O.12C	0.001	0.001	0.9972	0.0	0.0008	0.0
11713.8.S.8F	0.0014	0.0002	0.9902000000000001	0.0014	0.001	0.0058
11713.11.O.11A	0.0048000000000000004	0.0014	0.21960000000000002	0.1024	0.0002	0.6716000000000001
11712.SUBJECT30.STOOL.688	0.0186	0.07339999999999999	0.016800000000000002	0.0004	0.006	0.8847999999999999
11712.SUBJECT28.ORAL.590	0.0008	0.8944000000000003	0.088	0.0004	0.0020000000000000005	0.014400000000000001
11712.SUBJECT25.ORAL.535	0.0002	0.9818	0.0172	0.0002	0.0002	0.0004
11712.SUBJECT36.STOOL.784	0.458	0.018000000000000002	0.2076	0.0024000000000000002	0.0021999999999999997	0.31179999999999997
11713.18.S.18F	0.0008	0.0008	0.9806000000000001	0.0004	0.017199999999999997	0.0002
11712.SUBJECT37.SKIN.799	0.0012000000000000001	0.016	0.9814	0.0	0.0014	0.0
11712.SUBJECT17.SKIN.226	0.022399999999999996	0.0126	0.6971999999999999	0.0027999999999999995	0.0738	0.19119999999999998
11712.SUBJECT25.ORAL.532	0.0004	0.9825999999999999	0.016600000000000004	0.0	0.0002	0.0002
11712.SUBJECT34.ORAL.730	0.31200000000000006	0.5862	0.0928	0.0008000000000000001	0.008	0.00020000000000000004
11712.SUBJECT36.STOOL.783	0.0048000000000000004	0.0002	0.8064	0.0178	0.1264	0.044399999999999995
11713.18.S.18A	0.0014	0.0002	0.8785999999999999	0.011399999999999997	0.0028000000000000004	0.1056
11712.SUBJECT12.SKIN.81	0.0002	0.0	0.9969999999999999	0.0	0.0028000000000000004	0.0
11712.SUBJECT15.ORAL.147	0.0	0.2504	0.008000000000000002	0.0	0.0002	0.7414
11712.SUBJECT11.STOOL.63	0.9792	0.0002	0.0016	0.018799999999999997	0.0002	0.0
11712.SUBJECT42.SKIN.1002	0.001	0.0	0.9925999999999998	0.0016	0.0042	0.0006000000000000001
11712.SUBJECT12.ORAL.66	0.012	0.06540000000000001	0.9194000000000002	0.0026000000000000003	0.0006000000000000001	0.0
11712.SUBJECT22.SKIN.471	0.0066	0.006800000000000002	0.836	0.043	0.0018000000000000002	0.1058
11712.SUBJECT10.ORAL.37	0.005	0.8363999999999999	0.1566	0.001	0.001	0.0
11712.SUBJECT21.STOOL.456	0.09979999999999999	0.009600000000000001	0.054200000000000005	0.6638	0.022199999999999998	0.1504
11713.17.O.17B	0.0444	0.004399999999999999	0.10700000000000001	0.09019999999999997	0.0106	0.7434000000000001
11713.12.O.12D	0.0002	0.0012000000000000001	0.9952	0.0002	0.002	0.0012000000000000001
11713.8.S.8A	0.0012000000000000001	0.0008	0.8375999999999999	0.006399999999999999	0.0014	0.15259999999999999
11712.SUBJECT39.STOOL.837	0.19999999999999998	0.0182	0.4424	0.03300000000000001	0.0032	0.3032
11713.14.F.14A	0.012199999999999999	0.0068000000000000005	0.6586000000000001	0.048799999999999996	0.001	0.2726
11713.12.F.12E	0.0392	0.001	0.9544	0.0002	0.003999999999999999	0.0012000000000000001
11712.SUBJECT36.SKIN.781	0.0006000000000000001	0.055400000000000005	0.9357999999999999	0.0008	0.004000000000000001	0.0034000000000000002
11712.SUBJECT39.ORAL.830	0.0002	0.9902000000000001	0.0021999999999999997	0.0016	0.0	0.0058000000000000005
11712.SUBJECT28.ORAL.586	0.001	0.0006000000000000001	0.9968	0.0	0.001	0.0006000000000000001
11712.SUBJECT24.STOOL.523	0.8412000000000001	0.0008	0.0020000000000000005	0.1512	0.0004	0.0044
11712.SUBJECT1.SKIN.11	0.0	0.0376	0.6382000000000001	0.0038000000000000004	0.0002	0.32020000000000004
11712.SUBJECT4.SKIN.852	0.0	0.0028000000000000004	0.8427999999999999	0.0022	0.0004	0.1518
11713.15.S.15A	0.05700000000000001	0.0224	0.34540000000000004	0.0216	0.0156	0.538
11713.5.O.5C	0.018	0.0022	0.7699999999999999	0.07319999999999999	0.0116	0.125
11712.SUBJECT9.STOOL.1207	0.49539999999999995	0.0012000000000000001	0.49539999999999995	0.004000000000000001	0.0021999999999999997	0.0018000000000000002
11713.16.S.16C	0.044	0.004000000000000001	0.5398	0.046799999999999994	0.008800000000000002	0.3565999999999999
11713.13.S.13E	0.0	0.0036000000000000003	0.49379999999999996	0.004	0.0022000000000000006	0.49640000000000006
11713.8.F.8F	0.9506	0.001	0.0424	0.0024000000000000002	0.0006000000000000001	0.003
11712.SUBJECT1.SKIN.16	0.09799999999999999	0.0014	0.8974000000000002	0.0	0.0018000000000000002	0.0014
11712.SUBJECT35.ORAL.754	0.0014	0.0002	0.9952000000000002	0.0	0.0028000000000000004	0.0004
11712.SUBJECT4.SKIN.855	0.0014	0.0004	0.9171999999999999	0.0	0.0016	0.0794
11712.SUBJECT24.SKIN.515	0.024	0.1568	0.3736	0.14739999999999998	0.1568	0.1414
11712.SUBJECT14.ORAL.123	0.0002	0.7962	0.17319999999999997	0.0	0.001	0.029400000000000003
11712.SUBJECT43.STOOL.1064	0.9936	0.0024000000000000002	0.0016	0.0	0.0024000000000000002	0.0
11713.15.S.15F	0.0	0.0008	0.9976	0.0	0.0012000000000000001	0.0004
11713.16.S.16D	0.0012000000000000001	0.0	0.9962	0.0002	0.0012000000000000001	0.0012000000000000001
11713.5.O.5D	0.0020000000000000005	0.0006000000000000001	0.9895999999999999	0.005	0.0020000000000000005	0.0008
11713.13.S.13B	0.008400000000000001	0.0030000000000000005	0.5636	0.0264	0.008200000000000002	0.3904000000000001
11712.SUBJECT12.ORAL.70	0.0004	0.8492	0.1488	0.0	0.0008	0.0008
11713.8.F.8A	0.0068000000000000005	0.0012000000000000001	0.15839999999999996	0.05720000000000001	0.0	0.7764000000000001
11712.SUBJECT12.STOOL.98	0.9743999999999999	0.0126	0.008599999999999998	0.0002	0.0012000000000000001	0.003
11713.12.F.12B	0.9924	0.0	0.0	0.0002	0.0058	0.0016
11712.SUBJECT23.ORAL.487	0.0	0.9823999999999999	0.0166	0.0	0.0002	0.0008
11712.SUBJECT24.STOOL.524	0.9942	0.0006000000000000001	0.0016	0.0028	0.0008	0.0
11712.SUBJECT3.SKIN.630	0.027600000000000003	0.014799999999999999	0.7796000000000001	0.001	0.0004	0.17659999999999995
11712.SUBJECT13.ORAL.109	0.0024000000000000002	0.4	0.028600000000000004	0.0014	0.0006000000000000001	0.567
11712.SUBJECT8.STOOL.1161	0.9928000000000001	0.0	0.0064	0.0	0.0006000000000000001	0.0002
11712.SUBJECT17.ORAL.206	0.002	0.06420000000000001	0.659	0.001	0.08519999999999997	0.18859999999999996
11712.SUBJECT19.SKIN.355	0.0064	0.0004	0.9896	0.0018000000000000002	0.0016	0.0002
11712.SUBJECT12.STOOL.96	0.9940000000000001	0.0004	0.0006000000000000001	0.004600000000000001	0.0004	0.0
11713.1.S.1F	0.0008	0.0006000000000000001	0.9650000000000001	0.0002	0.0022000000000000006	0.031200000000000006
11712.SUBJECT17.SKIN.239	0.0020000000000000005	0.0006000000000000001	0.861	0.001	0.005200000000000001	0.1302
11713.15.O.15A	0.0376	0.018199999999999997	0.2132	0.1024	0.0024000000000000002	0.6262000000000001
11713.13.O.13E	0.005	0.001	0.10979999999999998	0.08399999999999999	0.001	0.7992
11712.SUBJECT14.STOOL.140	0.8796000000000002	0.0422	0.006799999999999999	0.002	0.0016	0.06780000000000001
11712.SUBJECT39.STOOL.839	0.004200000000000001	0.9948	0.0006000000000000001	0.0004	0.0	0.0
11712.SUBJECT35.SKIN.762	0.0024000000000000007	0.0016	0.9917999999999999	0.0	0.0038000000000000004	0.0004
11713.15.O.15F	0.0006000000000000001	0.0006000000000000001	0.9928000000000001	0.004000000000000001	0.0020000000000000005	0.0
11713.18.F.18G	0.9513999999999999	0.0008	0.0416	0.0002	0.005800000000000001	0.0002
11713.16.O.16D	0.0132	0.015200000000000002	0.24100000000000002	0.1324	0.0004	0.5977999999999999
11713.13.O.13B	0.008199999999999999	0.0082	0.084	0.129	0.0004	0.7702
11712.SUBJECT28.ORAL.588	0.0006000000000000001	0.06920000000000001	0.8065999999999999	0.0020000000000000005	0.0024000000000000002	0.11919999999999997
11712.SUBJECT21.SKIN.452	0.0006000000000000001	0.003	0.8911999999999999	0.0262	0.0012000000000000001	0.0778
11712.SUBJECT19.SKIN.352	0.010400000000000001	0.0196	0.8873999999999999	0.0174	0.0004	0.06480000000000001
11712.SUBJECT9.ORAL.1172	0.001	0.001	0.9958	0.0	0.0014	0.0008
11712.SUBJECT8.ORAL.1131	0.9119999999999999	0.0004	0.08499999999999999	0.0	0.0022	0.0004
11712.SUBJECT38.ORAL.805	0.0	0.9926000000000001	0.007400000000000001	0.0	0.0	0.0
11713.3.O.3F	0.0008	0.0073999999999999995	0.9072000000000001	0.027200000000000002	0.0404	0.017
11713.20.F.20E	0.022	0.0002	0.9771999999999998	0.0	0.0006000000000000001	0.0
11713.25.F.25C	0.0006000000000000001	0.0008	0.9119999999999999	0.0	0.0020000000000000005	0.08459999999999998
11712.SUBJECT10.STOOL.47	0.8622	0.0048000000000000004	0.0522	0.0014	0.0004	0.07899999999999999
11713.21.S.21E	0.0006000000000000001	0.0004	0.9778	0.011999999999999999	0.0022000000000000006	0.007000000000000001
11712.SUBJECT29.ORAL.609	0.06299999999999999	0.2424	0.29919999999999997	0.18259999999999996	0.028600000000000004	0.18419999999999997
11712.SUBJECT18.ORAL.272	0.0006000000000000001	0.0002	0.9946000000000002	0.0	0.0034000000000000002	0.0012000000000000001
11712.SUBJECT26.ORAL.558	0.9537999999999999	0.0024000000000000002	0.021200000000000004	0.0004	0.0020000000000000005	0.020200000000000003
11712.SUBJECT30.SKIN.665	0.0022000000000000006	0.0022	0.9922000000000001	0.0	0.0028000000000000004	0.0006000000000000001
11712.SUBJECT42.STOOL.1020	0.7626000000000002	0.004200000000000001	0.0006000000000000001	0.0126	0.0026	0.21739999999999998
11713.4.S.4B	0.08879999999999998	0.0186	0.2899999999999999	0.1492	0.007600000000000001	0.4458000000000001
11713.21.S.21B	0.0086	0.06780000000000001	0.1102	0.06940000000000002	0.007800000000000001	0.7362
11712.SUBJECT18.ORAL.275	0.0	0.0004	0.994	0.0004	0.0020000000000000005	0.0032
11712.SUBJECT6.ORAL.1091	0.0	0.9902	0.009600000000000001	0.0002	0.0	0.0
11712.SUBJECT43.ORAL.1040	0.1028	0.15319999999999998	0.18219999999999997	0.28040000000000004	0.0012000000000000001	0.28020000000000006
11712.SUBJECT14.ORAL.118	0.01	0.1692	0.6378	0.0006000000000000001	0.0528	0.12960000000000002
11713.4.S.4E	0.004000000000000001	0.0004	0.9692000000000001	0.0106	0.0018000000000000002	0.014000000000000002
11712.SUBJECT14.SKIN.127	0.0	0.08	0.7323999999999999	0.0018000000000000002	0.07780000000000001	0.10800000000000001
11712.SUBJECT9.SKIN.1188	0.0012000000000000001	0.008000000000000002	0.9202000000000001	0.0014	0.06699999999999999	0.0022
11712.SUBJECT24.ORAL.511	0.0002	0.9571999999999999	0.0422	0.0002	0.0002	0.0
11713.25.F.25D	0.0018000000000000002	0.0	0.9516	0.0	0.0024000000000000002	0.04419999999999999
11712.SUBJECT16.ORAL.156	0.046599999999999996	0.0624	0.4306000000000001	0.044000000000000004	0.0108	0.40560000000000007
11712.SUBJECT41.SKIN.962	0.0008	0.0006000000000000001	0.9958	0.0002	0.0014	0.0012000000000000001
11712.SUBJECT41.STOOL.969	0.9912000000000003	0.007800000000000001	0.0008	0.0002	0.0	0.0
11712.SUBJECT43.STOOL.1080	0.47000000000000003	0.0018000000000000002	0.004600000000000001	0.37960000000000005	0.0032	0.14079999999999998
11712.SUBJECT43.SKIN.1062	0.001	0.0028	0.9920000000000002	0.0	0.0016	0.0026
11712.SUBJECT24.SKIN.520	0.0004	0.0028	0.9922000000000001	0.0002	0.0042	0.0002
11712.SUBJECT14.SKIN.129	0.003	0.008	0.9511999999999998	0.0008	0.0018000000000000002	0.035199999999999995
11713.21.O.21E	0.0012000000000000001	0.0184	0.3726	0.1624	0.0016	0.4438000000000001
11712.SUBJECT9.SKIN.1186	0.0002	0.0054	0.4526	0.008000000000000002	0.18319999999999997	0.35059999999999997
11712.SUBJECT16.ORAL.158	0.0008	0.010199999999999997	0.9872	0.0	0.0018000000000000002	0.0
11712.SUBJECT35.STOOL.765	0.4170000000000001	0.0008	0.43879999999999997	0.014400000000000001	0.0014	0.1276
11712.SUBJECT1.ORAL.2	0.0364	0.49640000000000006	0.16179999999999997	0.0314	0.0158	0.2582
11712.SUBJECT40.STOOL.924	0.007400000000000001	0.039999999999999994	0.8622	0.0016	0.0	0.08879999999999998
11712.SUBJECT28.STOOL.603	0.8539999999999999	0.0	0.0024000000000000002	0.1424	0.0008	0.0004
11713.5.F.5B	0.0004	0.0002	0.9972	0.0002	0.0014	0.0006000000000000001
11712.SUBJECT25.STOOL.552	0.7404	0.0014	0.0062	0.251	0.001	0.0
11712.SUBJECT18.SKIN.295	0.0004	0.0002	0.9982	0.0	0.0012000000000000001	0.0
11713.21.O.21B	0.0548	0.0082	0.11379999999999998	0.12040000000000002	0.0128	0.6900000000000002
11712.SUBJECT23.STOOL.501	0.0058000000000000005	0.0632	0.06839999999999999	0.0032	0.0018000000000000002	0.8575999999999999
11712.SUBJECT30.ORAL.654	0.006	0.051000000000000004	0.2032	0.023399999999999997	0.0118	0.7045999999999999
11712.SUBJECT1.ORAL.5	0.0	0.9832000000000001	0.0168	0.0	0.0	0.0
11712.SUBJECT10.STOOL.49	0.0022	0.0066	0.9872000000000002	0.0004	0.0018000000000000002	0.0018000000000000002
11712.SUBJECT28.STOOL.604	0.9767999999999999	0.0	0.0126	0.0073999999999999995	0.0026000000000000003	0.0006000000000000001
11713.5.F.5E	0.5997999999999999	0.0004	0.16359999999999997	0.0002	0.0066	0.22940000000000005
11712.SUBJECT35.SKIN.759	0.029000000000000005	0.3768	0.3776	0.058600000000000006	0.008799999999999999	0.14919999999999997
11712.SUBJECT18.SKIN.292	0.0004	0.007400000000000001	0.9399999999999998	0.0	0.0006000000000000001	0.0516
11712.SUBJECT29.ORAL.607	0.0	0.0020000000000000005	0.1606	0.0004	0.784	0.053000000000000005
11712.SUBJECT26.ORAL.556	0.0020000000000000005	0.07139999999999999	0.14559999999999998	0.0016	0.0006000000000000001	0.7788
11712.SUBJECT3.STOOL.637	0.9468	0.045799999999999993	0.005	0.001	0.0014	0.0
11712.SUBJECT34.ORAL.731	0.0018000000000000002	0.9846	0.013399999999999999	0.0	0.0002	0.0
11712.SUBJECT36.STOOL.782	0.009600000000000001	0.0	0.8328	0.0258	0.0	0.1318
11712.SUBJECT25.ORAL.533	0.0	0.9875999999999999	0.0088	0.0022	0.0	0.0014
11712.SUBJECT15.ORAL.146	0.007400000000000001	0.6023999999999999	0.1258	0.006	0.0034000000000000002	0.255
11712.SUBJECT12.SKIN.80	0.0002	0.0006000000000000001	0.9950000000000001	0.0	0.0032	0.001
11712.SUBJECT2.ORAL.382	0.0016	0.9748000000000001	0.009400000000000002	0.0016	0.0004	0.012199999999999999
11712.SUBJECT11.STOOL.62	0.9958	0.0002	0.001	0.0030000000000000005	0.0	0.0
11712.SUBJECT42.SKIN.1003	0.0016	0.0006000000000000001	0.9934	0.0	0.0026000000000000003	0.0018000000000000002
11712.SUBJECT12.ORAL.67	0.0012000000000000001	0.26000000000000006	0.7367999999999999	0.0004	0.0016	0.0
11712.SUBJECT13.ORAL.110	0.0	0.9945999999999999	0.004400000000000001	0.0004	0.0	0.0006000000000000001
11712.SUBJECT10.ORAL.36	0.0022	0.944	0.052599999999999994	0.0008	0.0004	0.0
11712.SUBJECT5.SKIN.1085	0.0116	0.11280000000000001	0.6716	0.0008	0.0026000000000000003	0.20059999999999997
11712.SUBJECT21.STOOL.457	0.9916	0.0	0.0068000000000000005	0.0	0.0016	0.0
11713.17.O.17C	0.0056	0.0004	0.5728	0.0406	0.0028000000000000004	0.3778
11713.14.O.14A	0.0012000000000000001	0.0002	0.9974000000000001	0.0	0.0012000000000000001	0.0
11713.12.O.12E	0.0004	0.0	0.9975999999999999	0.0	0.0018000000000000002	0.0002
11712.SUBJECT4.STOOL.866	0.015799999999999998	0.7314	0.2492	0.0028000000000000004	0.0008	0.0
11712.SUBJECT42.SKIN.1004	0.0022	0.0006000000000000001	0.9874	0.005599999999999999	0.0038000000000000004	0.0004
11712.SUBJECT9.STOOL.1210	0.005600000000000001	0.0018000000000000002	0.9629999999999997	0.0002	0.0026000000000000003	0.026799999999999997
11712.SUBJECT29.STOOL.619	0.3952	0.0	0.0	0.6047999999999999	0.0	0.0
11712.SUBJECT38.SKIN.816	0.0022000000000000006	0.18219999999999997	0.78	0.0012000000000000001	0.0032	0.031200000000000006
11712.SUBJECT10.ORAL.31	0.13940000000000002	0.125	0.6077999999999999	0.0	0.002	0.1258
11712.SUBJECT6.SKIN.1096	0.0006000000000000001	0.0022000000000000006	0.8437999999999999	0.0	0.0016	0.1518
11713.17.O.17D	0.029000000000000005	0.022199999999999994	0.28259999999999996	0.0718	0.0014	0.5929999999999999
11713.8.S.8G	0.0014	0.0008	0.9934	0.0020000000000000005	0.0024000000000000002	0.0
11713.12.O.12B	0.06520000000000001	0.0036000000000000003	0.20179999999999998	0.11580000000000001	0.0142	0.5993999999999999
11712.SUBJECT30.STOOL.689	0.010199999999999999	0.0066	0.30079999999999996	0.0004	0.0018000000000000002	0.6801999999999999
11712.SUBJECT28.ORAL.591	0.0016	0.8581999999999999	0.11400000000000002	0.0006000000000000001	0.0086	0.016999999999999998
11712.SUBJECT36.STOOL.785	0.0020000000000000005	0.0012000000000000001	0.9927999999999999	0.0004	0.0028000000000000004	0.0008
11712.SUBJECT25.ORAL.534	0.0	0.9888	0.0102	0.0	0.0	0.001
11712.SUBJECT37.SKIN.798	0.0002	0.0012000000000000001	0.9437999999999999	0.0002	0.0	0.0546
11713.18.S.18G	0.0048000000000000004	0.0018000000000000002	0.9608000000000001	0.012199999999999999	0.004	0.0164
11712.SUBJECT17.SKIN.227	0.0014	0.0718	0.9230000000000003	0.0	0.002	0.0018000000000000002
11712.SUBJECT29.STOOL.617	0.1532	0.0034000000000000002	0.0106	0.7358	0.0006000000000000001	0.09639999999999999
11712.SUBJECT37.STOOL.800	0.09139999999999998	0.0056	0.6446	0.0068000000000000005	0.0006000000000000001	0.251
11713.3.S.3A	0.0	0.0116	0.06720000000000001	0.020399999999999995	0.7408	0.15999999999999998
11712.SUBJECT11.ORAL.56	0.0	0.9846000000000001	0.015199999999999997	0.0	0.0002	0.0
11712.SUBJECT17.ORAL.216	0.119	0.036	0.7070000000000001	0.020999999999999998	0.0046	0.11240000000000001
11713.16.F.16C	0.0056	0.0022	0.19319999999999998	0.08059999999999998	0.0	0.7183999999999999
11712.SUBJECT27.STOOL.583	0.45200000000000007	0.0	0.0020000000000000005	0.0014	0.0006000000000000001	0.5440000000000002
11713.15.F.15A	0.04739999999999999	0.0004	0.0608	0.1182	0.001	0.7722
11712.SUBJECT8.SKIN.1143	0.24399999999999994	0.003	0.012199999999999999	0.6302	0.09579999999999998	0.014800000000000002
11713.13.F.13E	0.0274	0.021399999999999995	0.42140000000000005	0.092	0.0004	0.43740000000000007
11712.SUBJECT27.ORAL.574	0.026000000000000002	0.8702	0.05339999999999999	0.017	0.0014	0.032
11712.SUBJECT39.ORAL.829	0.0036000000000000003	0.8321999999999999	0.012	0.004000000000000001	0.0018000000000000002	0.14639999999999997
11712.SUBJECT7.ORAL.1102	0.0004	0.065	0.8927999999999999	0.0006000000000000001	0.0004	0.040799999999999996
11712.SUBJECT29.SKIN.614	0.0004	0.0284	0.7020000000000001	0.0002	0.1036	0.1654
11712.SUBJECT41.SKIN.947	0.0006000000000000001	0.0006000000000000001	0.9978	0.0	0.001	0.0
11712.SUBJECT37.SKIN.796	0.0002	0.0188	0.8286	0.0034000000000000002	0.005399999999999999	0.14359999999999998
11712.SUBJECT11.SKIN.60	0.0021999999999999997	0.0006000000000000001	0.9954000000000001	0.0	0.001	0.0008
11712.SUBJECT17.SKIN.229	0.0020000000000000005	0.0004	0.9865999999999999	0.0	0.008000000000000002	0.003
11712.SUBJECT32.ORAL.712	0.17539999999999997	0.0754	0.5619999999999999	0.0006000000000000001	0.0008	0.18579999999999997
11713.17.S.17C	0.008	0.0006000000000000001	0.7842	0.0002	0.0016	0.20539999999999997
11713.14.S.14A	0.0006000000000000001	0.0006000000000000001	0.6186	0.0004	0.0020000000000000005	0.3778
11713.4.O.4E	0.0018000000000000002	0.001	0.9904	0.0022000000000000006	0.002	0.0026
11713.12.S.12E	0.048	0.031	0.47999999999999987	0.03919999999999999	0.14479999999999998	0.257
11712.SUBJECT30.STOOL.680	0.001	0.0008	0.9954000000000001	0.0002	0.0018000000000000002	0.0008
11712.SUBJECT7.ORAL.1105	0.001	0.9823999999999999	0.016400000000000005	0.0002	0.0	0.0
11712.SUBJECT3.SKIN.629	0.0006000000000000001	0.0116	0.8684000000000001	0.0002	0.0118	0.10740000000000001
11712.SUBJECT29.SKIN.613	0.031400000000000004	0.038000000000000006	0.6480000000000001	0.0024000000000000007	0.2028	0.0774
11712.SUBJECT3.STOOL.639	0.9896	0.007000000000000001	0.0021999999999999997	0.001	0.0002	0.0
11713.17.S.17D	0.0006000000000000001	0.0004	0.9124000000000001	0.0	0.0028	0.08379999999999999
11713.12.S.12B	0.9720000000000001	0.0002	0.007000000000000001	0.0048000000000000004	0.0108	0.0052
11713.4.O.4B	0.0006000000000000001	0.001	0.7844000000000001	0.005999999999999999	0.0021999999999999997	0.20579999999999998
11712.SUBJECT32.STOOL.722	0.9226000000000001	0.07100000000000002	0.0054	0.001	0.0	0.0
11712.SUBJECT12.ORAL.69	0.003	0.6446	0.35100000000000003	0.0004	0.001	0.0
11713.16.F.16D	0.06939999999999999	0.0016	0.2112	0.11240000000000001	0.0014	0.6039999999999999
11713.18.O.18G	0.0024000000000000007	0.9480000000000001	0.022000000000000002	0.016399999999999998	0.0004	0.0108
11712.SUBJECT8.SKIN.1144	0.0082	0.0382	0.18019999999999997	0.007000000000000001	0.6986	0.0678
11713.15.F.15F	0.0006000000000000001	0.0006000000000000001	0.9968	0.0	0.002	0.0
11713.13.F.13B	0.012199999999999999	0.0018000000000000002	0.15799999999999997	0.11460000000000001	0.0006000000000000001	0.7127999999999999
11712.SUBJECT27.ORAL.573	0.26280000000000003	0.06700000000000002	0.382	0.12179999999999999	0.008000000000000002	0.15839999999999999
11712.SUBJECT36.ORAL.771	0.020199999999999996	0.0334	0.881	0.0	0.0046	0.06080000000000001
11712.SUBJECT33.STOOL.728	0.4518	0.0028000000000000004	0.496	0.004	0.0002	0.04519999999999999
11712.SUBJECT27.SKIN.579	0.0018000000000000002	0.0116	0.7055999999999999	0.022199999999999998	0.0036000000000000003	0.25520000000000004
11712.SUBJECT41.ORAL.936	0.0	0.9932000000000001	0.005600000000000001	0.0012000000000000001	0.0	0.0
11712.SUBJECT14.SKIN.130	0.007400000000000001	0.0086	0.9725999999999999	0.0002	0.0024000000000000002	0.0088
11712.SUBJECT17.STOOL.261	0.057600000000000005	0.0002	0.0022000000000000006	0.6477999999999999	0.0002	0.2919999999999999
11713.20.O.20E	0.04079999999999999	0.02	0.24560000000000004	0.089	0.0008	0.6038000000000001
11712.SUBJECT2.SKIN.386	0.0012000000000000001	0.03579999999999999	0.8200000000000001	0.0	0.0002	0.14279999999999998
11712.SUBJECT22.STOOL.478	0.05940000000000001	0.05079999999999999	0.055600000000000004	0.030600000000000006	0.0052000000000000015	0.7984000000000001
11713.1.O.1A	0.06860000000000001	0.022000000000000002	0.12520000000000003	0.07719999999999999	0.0004	0.7065999999999999
11712.SUBJECT7.STOOL.1111	0.8834	0.0008	0.022399999999999996	0.037599999999999995	0.004200000000000001	0.0516
11712.SUBJECT3.ORAL.623	0.015199999999999997	0.9760000000000002	0.007000000000000001	0.0012000000000000001	0.0002	0.0004
11712.SUBJECT38.STOOL.823	0.056600000000000004	0.9141999999999999	0.027000000000000003	0.0012000000000000001	0.001	0.0
11712.SUBJECT28.SKIN.592	0.0122	0.0044	0.08199999999999999	0.0172	0.7618000000000001	0.12239999999999998
11712.SUBJECT23.SKIN.494	0.0128	0.0064	0.9536	0.0004	0.0024000000000000002	0.024399999999999998
11712.SUBJECT31.STOOL.703	0.002	0.003	0.9822	0.0034000000000000002	0.004999999999999999	0.004399999999999999
11712.SUBJECT25.SKIN.537	0.1544	0.0092	0.11180000000000001	0.5500000000000002	0.14739999999999998	0.027200000000000002
11712.SUBJECT40.SKIN.907	0.0004	0.0004	0.9959999999999999	0.0	0.0028	0.0004
11713.4.F.4D	0.25379999999999997	0.0012000000000000001	0.5398000000000001	0.0	0.005600000000000001	0.19959999999999997
11712.SUBJECT32.SKIN.718	0.0024000000000000002	0.22200000000000003	0.7037999999999999	0.0006000000000000001	0.002	0.06920000000000001
11713.1.O.1F	0.0008	0.0004	0.784	0.0042	0.0018000000000000002	0.2088
11712.SUBJECT30.SKIN.672	0.015000000000000003	0.06960000000000001	0.36260000000000003	0.009200000000000002	0.013199999999999998	0.5304
11712.SUBJECT38.STOOL.824	0.045799999999999993	0.8656	0.08280000000000001	0.003	0.002800000000000001	0.0
11712.SUBJECT3.ORAL.624	0.017999999999999995	0.9731999999999997	0.006800000000000002	0.0014	0.0	0.0006000000000000001
11712.SUBJECT28.SKIN.595	0.0022000000000000006	0.0144	0.8927999999999999	0.0008	0.08819999999999999	0.0016
11712.SUBJECT23.SKIN.493	0.0004	0.0002	0.9978000000000001	0.0	0.0016	0.0
11712.SUBJECT31.STOOL.704	0.0014	0.001	0.9960000000000001	0.0	0.0016	0.0
11712.SUBJECT10.SKIN.40	0.12940000000000002	0.0018000000000000002	0.6916	0.0058	0.004800000000000001	0.16659999999999997
11713.4.F.4C	0.0014	0.0002	0.6125999999999999	0.0098	0.0004	0.37560000000000004
11712.SUBJECT4.ORAL.841	0.004000000000000001	0.005	0.7343999999999999	0.0006000000000000001	0.0004	0.25560000000000005
11712.SUBJECT31.ORAL.692	0.0026000000000000003	0.011399999999999999	0.9823999999999998	0.0018000000000000002	0.0018000000000000002	0.0
11712.SUBJECT10.STOOL.50	0.49640000000000006	0.0794	0.41980000000000006	0.0002	0.0036000000000000003	0.0006000000000000001
11712.SUBJECT8.ORAL.1126	0.0004	0.0022	0.3598	0.029800000000000004	0.5304	0.0774
11712.SUBJECT38.ORAL.812	0.0	0.991	0.009	0.0	0.0	0.0
11712.SUBJECT41.ORAL.931	0.0	0.9819999999999999	0.017800000000000003	0.0	0.0002	0.0
11712.SUBJECT13.SKIN.113	0.0028000000000000013	0.004800000000000001	0.986	0.0002	0.0056	0.0006000000000000001
11712.SUBJECT32.SKIN.716	0.0018000000000000002	0.0222	0.9548	0.0	0.008	0.0132
11712.SUBJECT37.ORAL.792	0.0	0.9892	0.0108	0.0	0.0	0.0
11712.SUBJECT20.ORAL.394	0.004000000000000001	0.9787999999999999	0.015600000000000003	0.0014	0.0	0.0002
11712.SUBJECT16.SKIN.177	0.0006000000000000001	0.0026000000000000003	0.8262	0.0010000000000000002	0.09839999999999999	0.07120000000000001
11712.SUBJECT29.ORAL.610	0.0108	0.014000000000000002	0.48919999999999997	0.007000000000000001	0.008799999999999999	0.4702
11712.SUBJECT20.STOOL.426	0.9683999999999999	0.020799999999999996	0.007200000000000001	0.0002	0.0016	0.0018000000000000002
11712.SUBJECT16.STOOL.191	0.007600000000000001	0.0002	0.8625999999999999	0.014599999999999998	0.0016	0.11340000000000001
11713.20.S.20E	0.0008	0.0006000000000000001	0.9894000000000001	0.0021999999999999997	0.0020000000000000005	0.005
11713.25.S.25C	0.0002	0.0	0.9946000000000002	0.0018000000000000002	0.0026000000000000003	0.0008
11712.SUBJECT8.ORAL.1128	0.08879999999999998	0.19019999999999998	0.4452000000000001	0.014400000000000001	0.026600000000000002	0.23480000000000004
11712.SUBJECT21.ORAL.441	0.0172	0.8667999999999999	0.10200000000000001	0.0	0.012399999999999998	0.0016
11713.5.S.5D	0.0002	0.0008	0.9972000000000001	0.0	0.0012000000000000001	0.0006000000000000001
11712.SUBJECT25.SKIN.542	0.0008	0.0016	0.9884000000000001	0.0	0.0028000000000000004	0.0064
11712.SUBJECT34.SKIN.740	0.0006000000000000001	0.0002	0.6924	0.0	0.3056	0.0012000000000000001
11713.20.S.20B	0.05700000000000001	0.0030000000000000005	0.385	0.04819999999999999	0.0008	0.506
11712.SUBJECT41.STOOL.970	0.9987999999999999	0.0008	0.0002	0.0002	0.0	0.0
11712.SUBJECT23.STOOL.498	0.025799999999999997	0.0073999999999999995	0.142	0.006199999999999999	0.002	0.8165999999999999
11713.25.S.25D	0.0016	0.0021999999999999997	0.9747999999999999	0.0052000000000000015	0.0024000000000000002	0.013800000000000002
11712.SUBJECT43.ORAL.1025	0.785	0.012199999999999999	0.022799999999999997	0.005199999999999999	0.003	0.17179999999999995
11712.SUBJECT27.SKIN.577	0.029800000000000004	0.038400000000000004	0.6516000000000002	0.03400000000000001	0.08039999999999999	0.16579999999999998
11712.SUBJECT19.STOOL.365	0.734	0.03	0.040999999999999995	0.0006000000000000001	0.0052	0.18919999999999998
11713.5.S.5C	0.001	0.0004	0.9955999999999999	0.0	0.0016	0.0014
11712.SUBJECT41.ORAL.938	0.0	0.992	0.0076	0.0004	0.0	0.0
11712.SUBJECT24.ORAL.508	0.0008	0.8315999999999999	0.0012000000000000001	0.0008	0.0	0.1656
11712.SUBJECT9.SKIN.1191	0.001	0.0004	0.9942000000000002	0.0002	0.0028	0.0014
11712.SUBJECT22.STOOL.476	0.2344	0.027200000000000002	0.06360000000000002	0.006	0.003	0.6658000000000001
11713.21.F.21B	0.0002	0.0002	0.9968	0.0	0.0020000000000000005	0.0008
11712.SUBJECT20.ORAL.393	0.0102	0.9814	0.0072	0.0012000000000000001	0.0	0.0
11712.SUBJECT32.STOOL.719	0.8746	0.013800000000000002	0.09679999999999998	0.0004	0.0020000000000000005	0.0124
11712.SUBJECT16.SKIN.170	0.0008	0.0034000000000000002	0.7732000000000001	0.0006000000000000001	0.1452	0.0768
11712.SUBJECT20.STOOL.421	0.0778	0.044399999999999995	0.1474	0.003	0.0008	0.7265999999999999
11712.SUBJECT6.ORAL.1088	0.0036000000000000003	0.003999999999999999	0.9427999999999999	0.004200000000000001	0.0	0.045399999999999996
11712.SUBJECT41.ORAL.944	0.19619999999999999	0.0002	0.04519999999999999	0.6052000000000002	0.0034000000000000002	0.1498
11712.SUBJECT25.SKIN.539	0.30979999999999996	0.016999999999999998	0.6428	0.001	0.0102	0.019199999999999995
11712.SUBJECT21.STOOL.462	0.9921999999999999	0.0018000000000000002	0.0048000000000000004	0.0	0.0012000000000000001	0.0
11713.21.O.21C	0.0098	0.0004	0.9632	0.0126	0.003	0.011000000000000003
11713.22.O.22A	0.08959999999999999	0.007000000000000001	0.041999999999999996	0.16779999999999998	0.001	0.6925999999999999
11712.SUBJECT23.STOOL.500	0.1096	0.0262	0.093	0.027600000000000003	0.0020000000000000005	0.7415999999999998
11712.SUBJECT30.ORAL.655	0.0316	0.0094	0.1076	0.2104	0.0002	0.6408
11712.SUBJECT40.STOOL.922	0.1116	0.22000000000000003	0.043	0.0	0.0012000000000000001	0.6242
11712.SUBJECT1.ORAL.4	0.0	0.9795999999999999	0.020399999999999998	0.0	0.0	0.0
11712.SUBJECT10.STOOL.48	0.8516	0.0158	0.09439999999999998	0.0126	0.0002	0.0254
11713.5.F.5D	0.3836	0.0006000000000000001	0.6075999999999999	0.0004	0.005399999999999999	0.0024000000000000002
11712.SUBJECT28.STOOL.605	0.8156000000000001	0.0002	0.0028000000000000004	0.17939999999999998	0.001	0.001
11712.SUBJECT18.SKIN.293	0.0006000000000000001	0.0002	0.9926	0.0	0.005600000000000001	0.001
11712.SUBJECT13.STOOL.116	0.9011999999999999	0.0018000000000000002	0.008	0.088	0.0008	0.0002
11712.SUBJECT26.ORAL.557	0.006	0.033400000000000006	0.24420000000000003	0.0004	0.001	0.7149999999999999
11712.SUBJECT43.SKIN.1063	0.0006000000000000001	0.0008	0.9968	0.0	0.0012000000000000001	0.0006000000000000001
11712.SUBJECT14.ORAL.117	0.0022	0.036000000000000004	0.8375999999999999	0.0008	0.0128	0.1106
11713.21.O.21D	0.42460000000000003	0.0032	0.5534	0.001	0.0178	0.0
11713.22.O.22F	0.001	0.0002	0.9973999999999998	0.0	0.0014	0.0
11712.SUBJECT14.SKIN.128	0.0018000000000000002	0.005800000000000001	0.7061999999999999	0.0002	0.0	0.2859999999999999
11712.SUBJECT9.SKIN.1187	0.0022000000000000006	0.0012000000000000001	0.4080000000000001	0.0016	0.19639999999999996	0.3906
11712.SUBJECT16.ORAL.159	0.0002	0.03200000000000001	0.966	0.0	0.0016	0.0002
11712.SUBJECT35.STOOL.764	0.9631999999999998	0.0008	0.016800000000000002	0.0008	0.0006000000000000001	0.0178
11712.SUBJECT1.ORAL.3	0.0	0.9792	0.0206	0.0	0.0002	0.0
11712.SUBJECT40.STOOL.925	0.2796	0.46620000000000006	0.2102	0.0018000000000000002	0.0004	0.04179999999999999
11713.5.F.5C	0.0002	0.0002	0.9962	0.0	0.0027999999999999995	0.0006000000000000001
11712.SUBJECT28.STOOL.602	0.8998000000000002	0.002	0.0038000000000000004	0.0764	0.002	0.016
11712.SUBJECT18.SKIN.294	0.0014	0.0	0.9978	0.0	0.0006000000000000001	0.0002
11712.SUBJECT25.STOOL.553	0.6996	0.0012000000000000001	0.004	0.2934	0.0018000000000000002	0.0
11713.21.S.21C	0.0008	0.005600000000000001	0.8168	0.0162	0.003	0.1576
11712.SUBJECT6.ORAL.1090	0.0002	0.9884000000000001	0.011	0.0	0.0	0.0004
11712.SUBJECT18.ORAL.274	0.0004	0.0002	0.998	0.0	0.0014	0.0
11712.SUBJECT39.SKIN.832	0.0068000000000000005	0.0014	0.6987999999999999	0.0036000000000000003	0.0016	0.28779999999999994
11712.SUBJECT5.ORAL.1084	0.0002	0.9904	0.0094	0.0	0.0	0.0
11712.SUBJECT30.SKIN.663	0.0002	0.0	0.9968	0.0	0.0030000000000000005	0.0
11712.SUBJECT14.ORAL.119	0.0004	0.9800000000000001	0.012	0.0046	0.0022000000000000006	0.0008
11713.4.S.4D	0.0062	0.0054	0.8698	0.0056	0.0028	0.1102
11712.SUBJECT14.SKIN.126	0.0006000000000000001	0.021799999999999996	0.5721999999999998	0.0064	0.1614	0.23759999999999998
11712.SUBJECT24.ORAL.510	0.0002	0.9762000000000001	0.023199999999999995	0.0	0.0004	0.0
11712.SUBJECT9.SKIN.1189	0.0030000000000000005	0.0208	0.9206000000000001	0.0042	0.006000000000000001	0.045399999999999996
11713.20.F.20C	0.0158	0.0002	0.0182	0.0018000000000000002	0.0004	0.9635999999999999
11712.SUBJECT26.SKIN.561	0.0078	0.05019999999999999	0.5027999999999999	0.04739999999999999	0.15699999999999997	0.23479999999999998
11712.SUBJECT16.ORAL.157	0.16299999999999998	0.0298	0.5814	0.0164	0.1202	0.08919999999999999
11713.25.F.25E	0.0016	0.0006000000000000001	0.9940000000000001	0.0	0.0006000000000000001	0.0032
11712.SUBJECT41.STOOL.968	0.9991999999999999	0.0004	0.0004	0.0	0.0	0.0
11712.SUBJECT9.ORAL.1173	0.0032	0.5756	0.4166	0.0026000000000000003	0.0014	0.0006000000000000001
11712.SUBJECT26.SKIN.566	0.0506	0.021599999999999994	0.5333999999999999	0.0104	0.028800000000000003	0.3552
11713.20.F.20D	0.0008	0.0006000000000000001	0.9922000000000001	0.0006000000000000001	0.0014	0.0044
11712.SUBJECT8.ORAL.1130	0.07699999999999999	0.0004	0.9202	0.0	0.0024000000000000007	0.0
11713.25.F.25B	0.0114	0.006	0.9154	0.0066	0.0024000000000000002	0.05820000000000001
11712.SUBJECT10.STOOL.46	0.038799999999999994	0.09619999999999998	0.453	0.0027999999999999995	0.0014	0.40780000000000005
11712.SUBJECT30.STOOL.675	0.0004	0.0006000000000000001	0.9968	0.0	0.0004	0.0018000000000000002
11713.22.S.22F	0.0022	0.0036000000000000003	0.9862	0.0022000000000000006	0.0026	0.0032
11712.SUBJECT29.ORAL.608	0.05820000000000001	0.1024	0.15399999999999997	0.04739999999999999	0.012199999999999999	0.6258
11712.SUBJECT18.ORAL.273	0.0008	0.0006000000000000001	0.9756	0.0022000000000000006	0.0018000000000000002	0.018999999999999996
11712.SUBJECT16.STOOL.189	0.7616	0.023199999999999995	0.013000000000000001	0.11440000000000002	0.023399999999999997	0.06440000000000001
11712.SUBJECT39.SKIN.835	0.0028000000000000004	0.1566	0.8283999999999999	0.0012000000000000001	0.0020000000000000005	0.009000000000000001
11712.SUBJECT26.ORAL.559	0.993	0.0004	0.0036000000000000003	0.0	0.0018000000000000002	0.0012000000000000001
11712.SUBJECT5.ORAL.1083	0.007800000000000001	0.19679999999999997	0.6202	0.0	0.0048000000000000004	0.17039999999999997
11712.SUBJECT30.SKIN.664	0.0012000000000000001	0.010199999999999999	0.9869999999999999	0.0002	0.0014	0.0
11712.SUBJECT42.STOOL.1021	0.7747999999999999	0.0022000000000000006	0.0006000000000000001	0.0018000000000000002	0.0028	0.2178
11713.4.S.4C	0.0016	0.0006000000000000001	0.6328	0.0036000000000000003	0.0014	0.36
11712.SUBJECT35.SKIN.763	0.012199999999999999	0.011800000000000001	0.9677999999999999	0.0006000000000000001	0.0044	0.0032
11713.16.O.16E	0.033600000000000005	0.0058000000000000005	0.30979999999999996	0.14000000000000004	0.0008	0.5099999999999999
11713.18.F.18F	0.9945999999999999	0.0	0.0008	0.0	0.004600000000000001	0.0
11712.SUBJECT28.ORAL.589	0.0012000000000000001	0.785	0.2076	0.0	0.0004	0.0058000000000000005
11713.10.O.10A	0.03400000000000001	0.002	0.30219999999999997	0.19699999999999998	0.0	0.46480000000000005
11713.13.O.13C	0.0046	0.0028000000000000004	0.5618000000000001	0.0498	0.0002	0.38079999999999997
11713.3.F.3A	0.7001999999999999	0.0020000000000000005	0.015200000000000002	0.003	0.25760000000000005	0.022
11712.SUBJECT9.STOOL.1208	0.0016	0.001	0.9846	0.0002	0.0030000000000000005	0.009600000000000001
11712.SUBJECT19.SKIN.353	0.013800000000000002	0.029200000000000004	0.8462	0.0016	0.0030000000000000005	0.1062
11712.SUBJECT21.SKIN.453	0.0004	0.0008	0.9968	0.0	0.0016	0.0004
11712.SUBJECT8.STOOL.1160	0.748	0.0018000000000000002	0.041199999999999994	0.0	0.0006000000000000001	0.2084
11712.SUBJECT13.ORAL.108	0.03579999999999999	0.38780000000000003	0.16979999999999998	0.016000000000000004	0.0212	0.36940000000000006
11712.SUBJECT17.ORAL.207	0.014000000000000002	0.015000000000000003	0.6846	0.011	0.004000000000000001	0.27140000000000003
11712.SUBJECT19.SKIN.354	0.015400000000000002	0.004999999999999999	0.9692000000000001	0.004400000000000001	0.0028000000000000013	0.0032
11712.SUBJECT12.STOOL.97	0.9587999999999999	0.0186	0.013000000000000001	0.0008	0.0014	0.007400000000000001
11713.1.S.1G	0.0002	0.0006000000000000001	0.9564	0.0	0.0038000000000000004	0.03899999999999999
11712.SUBJECT17.SKIN.238	0.0004	0.0004	0.9924	0.0002	0.002	0.004600000000000001
11712.SUBJECT34.ORAL.729	0.9541999999999999	0.0002	0.0312	0.0	0.014199999999999999	0.0002
11713.16.O.16B	0.053200000000000004	0.015799999999999998	0.08479999999999999	0.2096	0.0004	0.6362
11713.18.F.18A	0.0026	0.0004	0.9949999999999999	0.0	0.0016	0.0004
11712.SUBJECT14.STOOL.141	0.9586	0.034199999999999994	0.0058	0.0012000000000000001	0.0	0.0002
11713.13.O.13D	0.0002	0.0002	0.6458	0.006399999999999999	0.0024000000000000002	0.345
11712.SUBJECT1.SKIN.17	0.027199999999999995	0.0014	0.8788	0.0002	0.0008	0.09159999999999999
11712.SUBJECT4.SKIN.854	0.001	0.0014	0.9540000000000001	0.0	0.0024000000000000002	0.0412
11712.SUBJECT35.ORAL.755	0.0016	0.966	0.03200000000000001	0.0002	0.0002	0.0
11712.SUBJECT24.SKIN.514	0.0026000000000000003	0.12320000000000002	0.3482	0.017999999999999995	0.48699999999999993	0.021
11712.SUBJECT43.STOOL.1065	0.013000000000000001	0.0168	0.10640000000000001	0.0016	0.0098	0.8523999999999999
11712.SUBJECT14.ORAL.122	0.0	0.9743999999999999	0.0256	0.0	0.0	0.0
11713.5.O.5E	0.0018000000000000002	0.0006000000000000001	0.9916	0.0020000000000000005	0.0026	0.0014
11713.16.S.16E	0.0004	0.0004	0.9967999999999998	0.0	0.0018000000000000002	0.0006000000000000001
11713.15.S.15G	0.0008	0.0	0.9311999999999999	0.0	0.0018000000000000002	0.06620000000000001
11712.SUBJECT30.SKIN.658	0.001	0.0008	0.9931999999999999	0.0020000000000000005	0.0028000000000000004	0.0002
11713.10.S.10A	0.0002	0.0012000000000000001	0.8454	0.0012000000000000001	0.04959999999999999	0.1024
11713.13.S.13C	0.0008	0.0	0.7415999999999999	0.0	0.0014	0.25620000000000004
11712.SUBJECT12.STOOL.99	0.9936	0.001	0.002	0.0028	0.0006000000000000001	0.0
11712.SUBJECT26.STOOL.572	0.9762000000000001	0.0002	0.0024000000000000002	0.0184	0.0004	0.0024000000000000002
11713.17.F.17E	0.013000000000000001	0.004000000000000001	0.6058	0.05820000000000001	0.0022000000000000006	0.31679999999999997
11713.11.F.11A	0.013600000000000001	0.024399999999999998	0.2064	0.0392	0.030199999999999998	0.6862000000000001
11713.12.F.12C	0.025	0.0	0.9673999999999999	0.0020000000000000005	0.0048000000000000004	0.0008
11712.SUBJECT23.ORAL.486	0.006999999999999999	0.9670000000000002	0.020399999999999998	0.0021999999999999997	0.0006000000000000001	0.0028000000000000004
11712.SUBJECT3.SKIN.631	0.0214	0.019799999999999998	0.699	0.006	0.0018000000000000002	0.252
11712.SUBJECT24.STOOL.525	0.9808000000000001	0.008799999999999999	0.008799999999999999	0.0	0.0008	0.0008
11713.17.F.17B	0.0196	0.0020000000000000005	0.4218	0.1126	0.0004	0.4436000000000001
11713.11.F.11F	0.9919999999999998	0.0006000000000000001	0.007200000000000001	0.0	0.0002	0.0
11712.SUBJECT36.SKIN.780	0.0012000000000000001	0.008	0.9870000000000001	0.0	0.0024000000000000007	0.0014
11713.12.F.12D	0.1012	0.0004	0.8916000000000001	0.0002	0.005399999999999999	0.0012000000000000001
11712.SUBJECT39.ORAL.831	0.001	0.7346	0.23720000000000002	0.0018000000000000002	0.0	0.0254
11712.SUBJECT28.ORAL.587	0.0012000000000000001	0.8704000000000001	0.12520000000000003	0.0	0.0012000000000000001	0.0020000000000000005
11712.SUBJECT24.STOOL.522	0.009000000000000003	0.09059999999999999	0.11339999999999999	0.0027999999999999995	0.1036	0.6806000000000001
11712.SUBJECT4.SKIN.853	0.0076	0.27320000000000005	0.46620000000000006	0.0008	0.0254	0.22679999999999997
11713.16.S.16B	0.0356	0.0	0.5352	0.03579999999999999	0.001	0.39239999999999997
11712.SUBJECT9.STOOL.1206	0.677	0.0176	0.09839999999999999	0.030400000000000003	0.0006000000000000001	0.176
11713.5.O.5B	0.045599999999999995	0.004000000000000001	0.19359999999999997	0.09979999999999999	0.0038000000000000004	0.6532000000000001
11713.13.S.13D	0.0006000000000000001	0.0002	0.658	0.0	0.0012000000000000001	0.33999999999999997
11712.SUBJECT43.STOOL.1082	0.4290000000000001	0.0182	0.018	0.3706	0.0014	0.1628
11712.SUBJECT43.SKIN.1060	0.0822	0.2016	0.418	0.017400000000000002	0.0344	0.24640000000000004
11713.22.O.22E	0.0034000000000000002	0.0018000000000000002	0.9437999999999998	0.015600000000000003	0.004000000000000001	0.031400000000000004
11712.SUBJECT35.STOOL.767	0.9953999999999998	0.0006000000000000001	0.0030000000000000005	0.0	0.001	0.0
11712.SUBJECT19.STOOL.370	0.7809999999999999	0.20259999999999997	0.013999999999999999	0.001	0.0008	0.0006000000000000001
11712.SUBJECT23.STOOL.504	0.19659999999999997	0.09059999999999999	0.0006000000000000001	0.001	0.006	0.7051999999999998
11712.SUBJECT25.STOOL.550	0.9694	0.0036000000000000003	0.0048000000000000004	0.0174	0.0048000000000000004	0.0
11712.SUBJECT7.SKIN.1107	0.007200000000000001	0.0	0.8352	0.017999999999999995	0.0	0.1396
11713.8.O.8E	0.0258	0.0038000000000000004	0.476	0.08379999999999999	0.001	0.4096000000000001
11712.SUBJECT18.SKIN.297	0.0014	0.0026000000000000003	0.991	0.0020000000000000005	0.0022	0.0008
11712.SUBJECT28.STOOL.601	0.9958	0.0	0.0028000000000000004	0.0	0.0014	0.0
11712.SUBJECT22.ORAL.468	0.0	0.025799999999999997	0.0	0.0004	0.0	0.9738
11713.22.O.22B	0.055400000000000005	0.055600000000000004	0.11920000000000001	0.11240000000000001	0.0026	0.6548
11712.SUBJECT30.ORAL.656	0.0118	0.06459999999999999	0.16099999999999998	0.0002	0.005800000000000001	0.7565999999999999
11712.SUBJECT38.ORAL.809	0.008000000000000002	0.608	0.3814	0.0008	0.0018000000000000002	0.0
11712.SUBJECT31.ORAL.700	0.025599999999999994	0.021199999999999997	0.671	0.025199999999999993	0.17179999999999995	0.08519999999999998
11712.SUBJECT23.STOOL.503	0.008400000000000001	0.17519999999999997	0.0036000000000000003	0.0008	0.0002	0.8118000000000001
11712.SUBJECT1.ORAL.7	0.0006000000000000001	0.9206000000000001	0.0778	0.0	0.001	0.0
11712.SUBJECT40.STOOL.921	0.9561999999999999	0.0004	0.029800000000000004	0.009	0.0002	0.0044
11713.8.O.8B	0.026600000000000002	0.0036	0.25279999999999997	0.11880000000000002	0.007000000000000001	0.5912
11712.SUBJECT28.STOOL.606	0.8196	0.001	0.0108	0.16259999999999997	0.0021999999999999997	0.0038
11712.SUBJECT9.ORAL.1170	0.6654000000000001	0.016200000000000003	0.278	0.0018000000000000002	0.011399999999999999	0.027200000000000002
11712.SUBJECT22.ORAL.466	0.0024000000000000002	0.006800000000000002	0.8462	0.0402	0.0006000000000000001	0.1038
11713.25.F.25A	0.0018000000000000002	0.0006000000000000001	0.9248000000000001	0.0054	0.0004	0.067
11712.SUBJECT16.ORAL.153	0.0036000000000000003	0.19739999999999996	0.18919999999999998	0.0008	0.3416	0.26739999999999997
11712.SUBJECT26.SKIN.565	0.0022000000000000006	0.003	0.9632	0.0016	0.028000000000000004	0.002
11712.SUBJECT38.ORAL.807	0.0006000000000000001	0.9896	0.009600000000000001	0.0002	0.0	0.0
11713.3.O.3D	0.0006000000000000001	0.0008	0.9410000000000001	0.0022000000000000006	0.0064	0.048999999999999995
11713.22.S.22E	0.0006000000000000001	0.0	0.998	0.0	0.0014	0.0
11712.SUBJECT34.STOOL.751	0.9842000000000001	0.0	0.0058000000000000005	0.0	0.01	0.0
11712.SUBJECT18.ORAL.270	0.0006000000000000001	0.002	0.9000000000000001	0.0002	0.0016	0.09559999999999999
11712.SUBJECT15.SKIN.150	0.0008	0.037	0.8004000000000001	0.0056	0.13720000000000002	0.018999999999999996
11712.SUBJECT37.ORAL.789	0.0018000000000000002	0.013399999999999999	0.7367999999999999	0.0004	0.0004	0.2472
11713.22.S.22B	0.0	0.0002	0.4670000000000001	0.0132	0.0006000000000000001	0.5190000000000001
11712.SUBJECT43.ORAL.1042	0.011600000000000001	0.2164	0.43100000000000005	0.08359999999999998	0.04039999999999999	0.217
11713.4.S.4G	0.0008	0.0006000000000000001	0.9560000000000001	0.0004	0.0014	0.04079999999999999
11712.SUBJECT24.ORAL.513	0.0002	0.9662000000000001	0.03319999999999999	0.0002	0.0002	0.0
11712.SUBJECT35.STOOL.769	0.9916	0.0028000000000000004	0.0032	0.0006000000000000001	0.0018000000000000002	0.0
11712.SUBJECT20.SKIN.410	0.0020000000000000005	0.0036000000000000003	0.9554	0.0018000000000000002	0.0014	0.0358
11712.SUBJECT26.SKIN.562	0.0044	0.05800000000000001	0.4878	0.09479999999999998	0.12519999999999998	0.2298
11712.SUBJECT6.STOOL.1100	0.013600000000000001	0.9710000000000001	0.005600000000000001	0.0028000000000000004	0.0002	0.0068000000000000005
11712.SUBJECT7.SKIN.1109	0.0004	0.09819999999999998	0.6948000000000001	0.0008	0.0004000000000000001	0.20539999999999997
11712.SUBJECT41.SKIN.960	0.012	0.3972	0.2428	0.0004	0.0018000000000000002	0.3458
11712.SUBJECT42.ORAL.987	0.129	0.0004	0.8686	0.0	0.002	0.0
11712.SUBJECT35.ORAL.758	0.001	0.9835999999999998	0.015	0.0	0.0	0.0004
11712.SUBJECT42.STOOL.1010	0.43260000000000004	0.0004	0.005	0.39960000000000007	0.023399999999999997	0.139
11712.SUBJECT8.STOOL.1163	0.9965999999999999	0.0002	0.0018000000000000002	0.0002	0.0008	0.0004
11712.SUBJECT24.SKIN.519	0.0002	0.0022	0.9912000000000001	0.0	0.0054	0.001
11713.1.S.1D	0.001	0.0008	0.6664	0.0132	0.0022000000000000006	0.3164
11712.SUBJECT12.STOOL.94	0.569	0.0004	0.3698	0.006200000000000001	0.008	0.04659999999999999
11712.SUBJECT2.STOOL.387	0.0	0.0	0.7694	0.0	0.0004	0.23020000000000002
11712.SUBJECT41.SKIN.955	0.011199999999999998	0.0664	0.7938000000000001	0.0	0.0	0.1286
11713.10.O.10E	0.0014	0.0006000000000000001	0.9942	0.0020000000000000005	0.0018000000000000002	0.0
11712.SUBJECT14.STOOL.142	0.6356	0.017000000000000005	0.0028	0.0006000000000000001	0.0	0.344
11713.15.O.15C	0.0020000000000000005	0.010600000000000002	0.018	0.015200000000000002	0.004200000000000001	0.9499999999999998
11713.18.F.18B	0.0004	0.0	0.9978	0.0	0.0016	0.0002
11713.16.O.16A	0.0021999999999999997	0.0020000000000000005	0.3854	0.135	0.0024000000000000007	0.47300000000000003
11713.1.S.1C	0.0008	0.0004	0.9308000000000002	0.0002	0.0012000000000000001	0.06660000000000002
11712.SUBJECT41.SKIN.952	0.0004	0.25880000000000003	0.7287999999999999	0.0024000000000000002	0.0036000000000000003	0.005999999999999999
11712.SUBJECT35.SKIN.760	0.0016	0.0014	0.9745999999999999	0.0022000000000000006	0.0022	0.018000000000000002
11713.10.O.10B	0.021799999999999996	0.001	0.25299999999999995	0.14599999999999996	0.0020000000000000005	0.5761999999999999
11713.15.O.15D	0.0168	0.012199999999999999	0.0424	0.16679999999999998	0.0002	0.7616
11713.16.O.16F	0.0028000000000000004	0.0006000000000000001	0.9771999999999998	0.0002	0.003	0.016200000000000003
11713.3.F.3B	0.0008	0.017599999999999998	0.2846	0.08979999999999998	0.0006000000000000001	0.6065999999999999
11712.SUBJECT42.STOOL.1017	0.28500000000000003	0.0006000000000000001	0.0026000000000000007	0.6258000000000001	0.0006000000000000001	0.08539999999999999
11712.SUBJECT17.ORAL.203	0.0134	0.030600000000000006	0.8737999999999999	0.0002	0.03320000000000001	0.048799999999999996
11712.SUBJECT8.STOOL.1164	0.9991999999999999	0.0002	0.0006000000000000001	0.0	0.0	0.0
11712.SUBJECT14.STOOL.139	0.9712	0.020999999999999998	0.001	0.001	0.0	0.005800000000000001
11712.SUBJECT21.SKIN.450	0.005400000000000001	0.0098	0.8596	0.0002	0.017600000000000005	0.10740000000000001
11712.SUBJECT19.SKIN.350	0.0472	0.024999999999999998	0.8886000000000001	0.0014	0.009600000000000001	0.028200000000000003
11713.17.F.17A	0.016800000000000002	0.0134	0.15239999999999998	0.06900000000000002	0.0002	0.7482
11712.SUBJECT24.STOOL.521	0.17699999999999996	0.027200000000000002	0.2664	0.001	0.0126	0.5158
11712.SUBJECT28.ORAL.584	0.06999999999999998	0.23700000000000002	0.09739999999999999	0.2822	0.007600000000000001	0.3058
11712.SUBJECT23.ORAL.482	0.0012000000000000001	0.11719999999999997	0.7940000000000002	0.001	0.0032	0.0834
11712.SUBJECT1.SKIN.13	0.0002	0.0032	0.7952	0.0002	0.0012000000000000001	0.19999999999999998
11712.SUBJECT4.SKIN.850	0.001	0.006	0.9108	0.0020000000000000005	0.0	0.0802
11712.SUBJECT42.STOOL.1019	0.8930000000000001	0.0004	0.0034000000000000002	0.032200000000000006	0.004200000000000001	0.06680000000000001
11713.10.S.10E	0.0006000000000000001	0.0012000000000000001	0.933	0.0	0.0018000000000000002	0.06340000000000001
11713.8.F.8D	0.5012	0.028599999999999997	0.011199999999999998	0.366	0.0098	0.08319999999999998
11713.15.S.15C	0.0018000000000000002	0.0004	0.9496	0.006199999999999999	0.0024000000000000002	0.03959999999999999
11712.SUBJECT9.STOOL.1205	0.671	0.0004	0.27	0.0008	0.03319999999999999	0.024599999999999997
11713.16.S.16A	0.0034000000000000002	0.0002	0.5178	0.0002	0.0002	0.4782
11712.SUBJECT1.SKIN.14	0.0008000000000000001	0.29500000000000004	0.5926000000000001	0.0003999999999999999	0.0048000000000000004	0.10639999999999998
11712.SUBJECT35.ORAL.756	0.0012000000000000001	0.9842000000000001	0.0144	0.0	0.0002	0.0
11712.SUBJECT14.ORAL.121	0.0	0.9917999999999999	0.008000000000000002	0.0	0.0	0.0002
11712.SUBJECT43.STOOL.1066	0.9932000000000002	0.0	0.0	0.0	0.006	0.0008
11712.SUBJECT24.SKIN.517	0.018	0.0124	0.9518000000000001	0.0012000000000000001	0.012199999999999999	0.004399999999999999
11713.8.F.8C	0.0188	0.044399999999999995	0.27280000000000004	0.0546	0.0002	0.6092
11713.10.S.10B	0.0012000000000000001	0.0	0.6140000000000001	0.024999999999999998	0.0008	0.359
11713.15.S.15D	0.0012000000000000001	0.01	0.8524	0.010599999999999998	0.0012000000000000001	0.1246
11713.5.O.5F	0.0018000000000000002	0.0004	0.983	0.011	0.0024000000000000002	0.0014
11713.16.S.16F	0.0024000000000000002	0.0006000000000000001	0.649	0.0334	0.0076	0.307
11712.SUBJECT2.STOOL.389	0.304	0.0030000000000000005	0.654	0.002800000000000001	0.0008	0.0354
11712.SUBJECT26.STOOL.571	0.9834000000000002	0.0	0.0022000000000000006	0.013000000000000001	0.0014	0.0
11713.11.F.11B	0.28559999999999997	0.0006000000000000001	0.2444	0.045799999999999993	0.0026000000000000003	0.421
11713.17.F.17F	0.048999999999999995	0.008799999999999999	0.24539999999999998	0.16759999999999997	0.0	0.5292
11712.SUBJECT24.STOOL.526	0.9663999999999999	0.016800000000000002	0.005	0.0002	0.0116	0.0
11712.SUBJECT3.SKIN.632	0.009799999999999998	0.055799999999999995	0.5431999999999999	0.0006000000000000001	0.0	0.39060000000000006
11712.SUBJECT23.ORAL.485	0.0021999999999999997	0.9905999999999999	0.0058000000000000005	0.0014	0.0	0.0
11712.SUBJECT38.SKIN.815	0.0026000000000000003	0.0048000000000000004	0.9851999999999999	0.0012000000000000001	0.0021999999999999997	0.004
11712.SUBJECT21.SKIN.448	0.0126	0.0338	0.6981999999999999	0.11420000000000001	0.0018000000000000002	0.13939999999999997
11712.SUBJECT4.STOOL.865	0.0128	0.8301999999999999	0.1416	0.0012000000000000001	0.0014	0.0128
11712.SUBJECT43.SKIN.1044	0.001	0.0021999999999999997	0.9942	0.0	0.0021999999999999997	0.0004
11712.SUBJECT22.SKIN.474	0.007800000000000001	0.0284	0.8677999999999999	0.0172	0.0032	0.07559999999999999
11712.SUBJECT10.ORAL.32	0.1096	0.29460000000000003	0.5012000000000001	0.007400000000000001	0.004600000000000002	0.08259999999999999
11712.SUBJECT6.SKIN.1095	0.06580000000000001	0.026799999999999997	0.12300000000000003	0.4136	0.026000000000000002	0.34479999999999994
11713.12.O.12A	0.1068	0.006400000000000001	0.0392	0.1604	0.18119999999999997	0.506
11713.11.O.11C	0.001	0.0006000000000000001	0.9844000000000002	0.0026000000000000003	0.002	0.009400000000000002
11713.8.S.8D	0.0012000000000000001	0.0006000000000000001	0.9914	0.004000000000000001	0.0024000000000000002	0.0004
11713.17.O.17G	0.0014	0.0006000000000000001	0.9946000000000002	0.0	0.001	0.0024000000000000002
11712.SUBJECT36.STOOL.786	0.001	0.0004	0.9966000000000002	0.0	0.0018000000000000002	0.0002
11712.SUBJECT17.SKIN.224	0.016600000000000004	0.10559999999999999	0.27779999999999994	0.008	0.4122	0.17979999999999996
11712.SUBJECT18.STOOL.317	0.0006000000000000001	0.0	0.9982000000000001	0.0	0.0012000000000000001	0.0
11713.18.S.18D	0.0024000000000000007	0.0026000000000000003	0.9464	0.013600000000000001	0.012399999999999998	0.0226
11712.SUBJECT12.SKIN.84	0.0022	0.004600000000000001	0.9904	0.0	0.0028000000000000004	0.0
11712.SUBJECT25.ORAL.530	0.0004	0.8538	0.1438	0.0	0.001	0.001
11712.SUBJECT34.ORAL.732	0.005000000000000001	0.95	0.041999999999999996	0.0002	0.0021999999999999997	0.0006000000000000001
11712.SUBJECT26.STOOL.567	0.027000000000000003	0.028000000000000004	0.2232	0.0004	0.0308	0.6906
11712.SUBJECT2.ORAL.381	0.0048000000000000004	0.0502	0.5870000000000001	0.0102	0.001	0.3468
11712.SUBJECT12.SKIN.83	0.0026000000000000003	0.004400000000000001	0.99	0.0	0.002	0.001
11713.18.S.18C	0.0086	0.0108	0.5968	0.0	0.0004	0.3834000000000001
11712.SUBJECT15.ORAL.145	0.0026000000000000003	0.15779999999999997	0.5696000000000001	0.0568	0.020399999999999998	0.19279999999999997
11712.SUBJECT11.STOOL.61	0.2102	0.0036000000000000003	0.4694	0.0018000000000000002	0.001	0.31399999999999995
11712.SUBJECT12.ORAL.64	0.0048000000000000004	0.006	0.6728000000000001	0.04839999999999999	0.0008	0.2672
11712.SUBJECT4.STOOL.862	0.0154	0.0002	0.8789999999999999	0.0002	0.0	0.1052
11712.SUBJECT5.SKIN.1086	0.0002	0.030199999999999994	0.8704000000000001	0.0	0.0018000000000000002	0.09739999999999999
11712.SUBJECT10.ORAL.35	0.0006000000000000001	0.9728	0.0256	0.0002	0.0008	0.0
11712.SUBJECT22.SKIN.473	0.0106	0.033999999999999996	0.8295999999999999	0.004	0.0006000000000000001	0.12119999999999997
11712.SUBJECT8.SKIN.1149	0.088	0.0006000000000000001	0.9077999999999999	0.0002	0.0034000000000000002	0.0
11712.SUBJECT6.SKIN.1092	0.006200000000000001	0.028599999999999997	0.8214	0.0006000000000000001	0.0006000000000000001	0.14259999999999998
11713.12.O.12F	0.001	0.0002	0.9986	0.0	0.0002	0.0
11713.8.S.8C	0.0006000000000000001	0.0	0.9949999999999999	0.0020000000000000005	0.0020000000000000005	0.0004
11713.11.O.11D	0.001	0.0006000000000000001	0.9934	0.0002	0.003	0.0018000000000000002
11713.14.O.14B	0.0004	0.0002	0.994	0.004000000000000001	0.0012000000000000001	0.0002
11713.1.F.1D	0.07239999999999999	0.0004	0.39980000000000004	0.010000000000000002	0.003	0.5144
11712.SUBJECT7.ORAL.1106	0.0022000000000000006	0.9862	0.011000000000000001	0.0006000000000000001	0.0	0.0
11712.SUBJECT26.STOOL.569	0.9922000000000001	0.0	0.005599999999999999	0.0	0.0020000000000000005	0.0002
11712.SUBJECT12.STOOL.100	0.9942	0.0	0.0002	0.004999999999999999	0.0002	0.0004
11712.SUBJECT40.ORAL.887	0.0004	0.9318000000000002	0.06700000000000002	0.0	0.0008	0.0
11713.12.S.12A	0.2952	0.004399999999999999	0.06940000000000002	0.0028	0.5738	0.054400000000000004
11713.4.O.4A	0.0126	0.001	0.3644	0.18319999999999997	0.0002	0.4386
11713.11.S.11C	0.0018000000000000002	0.0016	0.9928000000000001	0.0	0.0016	0.0021999999999999997
11713.17.S.17G	0.0004	0.0004	0.9902	0.0002	0.0034000000000000002	0.0054
11712.SUBJECT37.STOOL.804	0.805	0.15239999999999998	0.0168	0.0002	0.0002	0.0254
11712.SUBJECT32.STOOL.721	0.8380000000000001	0.05940000000000001	0.021400000000000006	0.004200000000000001	0.0006000000000000001	0.07640000000000002
11713.13.F.13A	0.009	0.017800000000000003	0.11960000000000001	0.10940000000000001	0.0018000000000000002	0.7424000000000001
11713.10.F.10C	0.017999999999999995	0.0018000000000000002	0.14659999999999998	0.18619999999999998	0.0002	0.6472
11712.SUBJECT8.SKIN.1147	0.0006000000000000001	0.0002	0.9956000000000002	0.0	0.0036000000000000003	0.0
11712.SUBJECT42.ORAL.991	0.0028000000000000004	0.983	0.0118	0.0012000000000000001	0.0012000000000000001	0.0
11712.SUBJECT37.STOOL.803	0.0004	0.43600000000000005	0.06140000000000001	0.0	0.0004	0.5017999999999999
11712.SUBJECT42.SKIN.1009	0.0012000000000000001	0.0	0.15059999999999998	0.0106	0.7018	0.1358
11712.SUBJECT21.SKIN.446	0.015599999999999998	0.0222	0.3772	0.02	0.4124	0.15259999999999999
11712.SUBJECT11.ORAL.55	0.0	0.4136	0.5008	0.0004	0.0004000000000000001	0.0848
11713.3.S.3B	0.0086	0.04699999999999999	0.4544	0.06660000000000002	0.07659999999999999	0.3468
11713.10.F.10D	0.9986	0.0004	0.001	0.0	0.0	0.0
11713.15.F.15B	0.14699999999999996	0.0028000000000000004	0.22519999999999998	0.006	0.0022	0.6167999999999999
11712.SUBJECT36.ORAL.775	0.0020000000000000005	0.7051999999999999	0.26	0.001	0.0036000000000000003	0.028200000000000003
11713.1.F.1C	0.8272	0.0126	0.1366	0.005000000000000002	0.0014	0.0172
11712.SUBJECT32.ORAL.711	0.0008	0.0054	0.7618	0.0	0.0008	0.23120000000000002
11712.SUBJECT17.STOOL.250	0.0192	0.0	0.0020000000000000005	0.5706	0.0004	0.40780000000000005
11712.SUBJECT18.STOOL.319	0.0	0.0008	0.9968000000000001	0.0	0.0022	0.0002
11712.SUBJECT37.SKIN.795	0.0004	0.030400000000000003	0.7365999999999999	0.0002	0.0006000000000000001	0.2318
11713.4.O.4F	0.0034000000000000002	0.0022	0.9844000000000002	0.0046	0.0018000000000000002	0.0036
11713.12.S.12F	0.0034000000000000002	0.0034000000000000002	0.35219999999999996	0.0006000000000000001	0.029600000000000005	0.6108
11713.11.S.11D	0.0004	0.0002	0.9974000000000001	0.0	0.0012000000000000001	0.0008
11713.14.S.14B	0.04239999999999999	0.0002	0.9543999999999999	0.0002	0.002	0.0008
11713.25.O.25G	0.008800000000000002	0.008200000000000002	0.892	0.0118	0.0016	0.07759999999999999
11713.1.O.1E	0.022	0.019599999999999996	0.5834	0.046799999999999994	0.0018000000000000002	0.3264
11713.20.O.20A	0.018000000000000002	0.0472	0.09479999999999998	0.17059999999999995	0.0002	0.6692
11712.SUBJECT30.SKIN.671	0.0034000000000000002	0.05740000000000001	0.4288	0.032400000000000005	0.31920000000000004	0.1588
11712.SUBJECT7.STOOL.1115	0.0056	0.9917999999999999	0.0016	0.001	0.0	0.0
11712.SUBJECT23.SKIN.490	0.003	0.0022000000000000006	0.24899999999999997	0.009799999999999998	0.0008	0.7352000000000001
11712.SUBJECT28.SKIN.596	0.0002	0.0012000000000000001	0.9536	0.0004	0.0366	0.008000000000000002
11712.SUBJECT38.STOOL.827	0.49079999999999996	0.3718	0.037200000000000004	0.0024000000000000002	0.0004	0.09739999999999999
11712.SUBJECT40.SKIN.903	0.0008	0.0006000000000000001	0.9955999999999999	0.0	0.0016	0.0014
11712.SUBJECT10.SKIN.43	0.0014	0.008200000000000002	0.9792000000000002	0.0002	0.0018000000000000002	0.0092
11712.SUBJECT31.ORAL.691	0.0006000000000000001	0.0004	0.9446	0.0	0.004800000000000001	0.04959999999999999
11712.SUBJECT4.ORAL.842	0.0056	0.9838000000000001	0.009399999999999999	0.0004	0.0	0.0008
11712.SUBJECT1.STOOL.23	0.0008	0.0062	0.028000000000000004	0.0	0.001	0.9640000000000002
11712.SUBJECT38.ORAL.811	0.0002	0.8734	0.1024	0.008000000000000002	0.0008	0.015200000000000002
11712.SUBJECT9.ORAL.1166	0.0008	0.7386000000000001	0.093	0.0014	0.0196	0.14659999999999998
11712.SUBJECT22.ORAL.470	0.0046	0.991	0.0034000000000000002	0.001	0.0	0.0
11712.SUBJECT6.STOOL.1098	0.8824	0.0034000000000000002	0.024199999999999996	0.016200000000000003	0.0006000000000000001	0.0732
11712.SUBJECT25.STOOL.548	0.18459999999999996	0.0	0.0034000000000000002	0.8096	0.0024000000000000002	0.0
11712.SUBJECT4.ORAL.845	0.01	0.9700000000000001	0.018799999999999997	0.0006000000000000001	0.0006000000000000001	0.0
11712.SUBJECT36.SKIN.778	0.018999999999999996	0.0058	0.7506000000000002	0.0022	0.05419999999999999	0.16819999999999996
11712.SUBJECT1.STOOL.24	0.013600000000000001	0.0	0.0036000000000000003	0.0	0.0002	0.9826
11712.SUBJECT19.STOOL.368	0.04939999999999999	0.9408	0.0072	0.002	0.0006000000000000001	0.0
11712.SUBJECT20.SKIN.406	0.031200000000000006	0.006	0.874	0.0021999999999999997	0.0008	0.08579999999999999
11712.SUBJECT10.SKIN.38	0.021599999999999994	0.006	0.5516	0.14539999999999997	0.0002	0.2752
11712.SUBJECT14.SKIN.133	0.0034000000000000002	0.005800000000000001	0.9888	0.0002	0.0016	0.0002
11712.SUBJECT2.SKIN.385	0.001	0.5584	0.2016	0.008400000000000001	0.0016	0.229
11713.20.O.20F	0.0006000000000000001	0.0	0.9754000000000002	0.004399999999999999	0.0024000000000000002	0.017200000000000003
11712.SUBJECT7.STOOL.1112	0.7476	0.04299999999999999	0.07179999999999999	0.0024000000000000002	0.0386	0.09659999999999999
11712.SUBJECT21.ORAL.437	0.01	0.08839999999999998	0.7452	0.017	0.006	0.13340000000000002
11712.SUBJECT19.ORAL.337	0.0004	0.9863999999999999	0.0126	0.0004	0.0	0.0002
11712.SUBJECT3.ORAL.620	0.0021999999999999997	0.15319999999999998	0.644	0.0006000000000000001	0.0	0.19999999999999998
11712.SUBJECT10.SKIN.44	0.0002	0.0	0.9972	0.0	0.002	0.0006000000000000001
11712.SUBJECT40.SKIN.904	0.0	0.0002	0.9959999999999999	0.0	0.0032	0.0006000000000000001
11713.25.S.25G	0.009000000000000001	0.0014	0.9148	0.0232	0.0018000000000000002	0.0498
11712.SUBJECT25.STOOL.546	0.016	0.0774	0.12780000000000002	0.0022000000000000006	0.0006000000000000001	0.776
11712.SUBJECT31.ORAL.698	0.008	0.0192	0.3042	0.0002	0.6128	0.055600000000000004
11713.20.S.20A	0.06639999999999999	0.005199999999999999	0.30579999999999996	0.0186	0.0006000000000000001	0.6033999999999999
11712.SUBJECT43.ORAL.1026	0.9179999999999999	0.0012000000000000001	0.06980000000000001	0.0022000000000000006	0.0072	0.0016
11712.SUBJECT36.SKIN.776	0.0	0.009600000000000001	0.7522	0.0004	0.0	0.2378
11712.SUBJECT19.STOOL.366	0.9885999999999999	0.0020000000000000005	0.0024000000000000002	0.0002	0.004200000000000001	0.0026000000000000007
11712.SUBJECT30.ORAL.647	0.0012000000000000001	0.0068000000000000005	0.9902	0.0	0.0018000000000000002	0.0
11712.SUBJECT20.SKIN.408	0.014199999999999999	0.22459999999999997	0.7333999999999999	0.0026000000000000007	0.0036000000000000003	0.0216
11712.SUBJECT9.SKIN.1192	0.0026000000000000003	0.004200000000000001	0.613	0.0008	0.0024000000000000007	0.377
11712.SUBJECT16.SKIN.173	0.0006000000000000001	0.0004	0.9276	0.0	0.0008	0.07060000000000001
11713.22.F.22C	0.0024000000000000002	0.0008	0.21760000000000002	0.1538	0.005	0.6203999999999998
11713.21.F.21A	0.018	0.0098	0.25260000000000005	0.2112	0.020399999999999995	0.4879999999999999
11712.SUBJECT19.ORAL.339	0.0024000000000000002	0.9785999999999999	0.0188	0.0002	0.0	0.0
11712.SUBJECT21.ORAL.439	0.0	0.0022000000000000006	0.6918	0.07100000000000002	0.0008	0.23420000000000005
11712.SUBJECT20.STOOL.422	0.027800000000000002	0.030399999999999993	0.3511999999999999	0.0378	0.0002	0.5526
11712.SUBJECT21.STOOL.461	0.058800000000000005	0.017599999999999998	0.2552	0.0066	0.0008	0.6610000000000001
11712.SUBJECT34.SKIN.738	0.0024000000000000002	0.0016	0.9924	0.0002	0.003	0.0004
11712.SUBJECT37.ORAL.791	0.0	0.4408	0.23159999999999997	0.0	0.0	0.3276
11712.SUBJECT15.SKIN.148	0.12940000000000002	0.0021999999999999997	0.7426000000000001	0.0020000000000000005	0.0192	0.1046
11712.SUBJECT32.SKIN.715	0.019799999999999998	0.0186	0.644	0.0016	0.1538	0.16219999999999998
11712.SUBJECT16.SKIN.174	0.0006000000000000001	0.0008	0.9126	0.0	0.0016	0.08439999999999999
11713.22.F.22D	0.0004	0.0004	0.9970000000000002	0.0	0.0018000000000000002	0.0004
11712.SUBJECT20.ORAL.397	0.0022	0.9847999999999999	0.012799999999999997	0.0002	0.0	0.0
11712.SUBJECT38.SKIN.820	0.0006000000000000001	0.8422000000000001	0.10839999999999998	0.004200000000000001	0.0004	0.044199999999999996
11712.SUBJECT16.STOOL.192	0.0028	0.0004	0.7043999999999999	0.0	0.0018000000000000002	0.29059999999999997
11712.SUBJECT20.STOOL.425	0.9724	0.0126	0.0066	0.0018000000000000002	0.0004	0.0062
11712.SUBJECT28.SKIN.598	0.0004	0.0006000000000000001	0.775	0.0004	0.033	0.19059999999999996
11712.SUBJECT34.STOOL.749	0.9890000000000001	0.0021999999999999997	0.0073999999999999995	0.0	0.0014	0.0
11713.20.S.20F	0.0014	0.0002	0.9895999999999999	0.0024000000000000002	0.0024000000000000002	0.004000000000000001
11712.SUBJECT21.ORAL.442	0.007200000000000001	0.9692000000000001	0.0184	0.0006000000000000001	0.0006000000000000001	0.004
11712.SUBJECT9.ORAL.1168	0.0156	0.1092	0.44580000000000003	0.026000000000000002	0.12720000000000004	0.27620000000000006
11712.SUBJECT11.SKIN.58	0.0018000000000000002	0.013600000000000001	0.7414	0.007000000000000001	0.019399999999999997	0.21680000000000002
11712.SUBJECT25.SKIN.541	0.0048000000000000004	0.0016	0.97	0.014599999999999998	0.0028	0.006200000000000001
11712.SUBJECT1.SKIN.15	0.0004	0.006599999999999999	0.9902000000000001	0.0002	0.0020000000000000005	0.0006000000000000001
11712.SUBJECT42.ORAL.988	0.5498000000000001	0.0004	0.44700000000000006	0.0002	0.0016	0.001
11712.SUBJECT4.SKIN.856	0.0008	0.0006000000000000001	0.9658	0.0	0.0014	0.031400000000000004
11712.SUBJECT35.ORAL.757	0.0052	0.9854	0.009	0.0004	0.0	0.0
11712.SUBJECT14.ORAL.120	0.0	0.9899999999999999	0.009600000000000001	0.0002	0.0002	0.0
11712.SUBJECT24.SKIN.516	0.0038000000000000004	0.0064	0.978	0.0004	0.009	0.0024000000000000007
11713.8.F.8B	0.05500000000000001	0.0008	0.10779999999999998	0.2338	0.0018000000000000002	0.6008
11713.10.S.10C	0.0020000000000000005	0.0014	0.8538	0.0126	0.0024000000000000002	0.1278
11713.13.S.13A	0.0004	0.004399999999999999	0.2548	0.0	0.003	0.7373999999999999
11713.16.S.16G	0.022199999999999998	0.0154	0.301	0.0284	0.0002	0.6327999999999999
11713.15.S.15E	0.0008	0.0002	0.9944000000000001	0.0018000000000000002	0.0012000000000000001	0.0016
11712.SUBJECT2.STOOL.388	0.1424	0.0026000000000000003	0.6766	0.0182	0.0004	0.1598
11712.SUBJECT26.STOOL.570	0.9256	0.0	0.0020000000000000005	0.07220000000000001	0.0002	0.0
11713.11.F.11C	0.0158	0.013800000000000002	0.3216	0.07659999999999999	0.0006000000000000001	0.5715999999999999
11713.12.F.12A	0.9966000000000002	0.0002	0.0	0.0	0.0026000000000000003	0.0006000000000000001
11712.SUBJECT3.SKIN.633	0.0006000000000000001	0.0006000000000000001	0.362	0.0	0.0016	0.6352
11712.SUBJECT24.STOOL.527	0.9645999999999997	0.020599999999999997	0.0036000000000000003	0.0008	0.0104	0.0
11712.SUBJECT23.ORAL.484	0.0	0.9916	0.0064	0.0014	0.0	0.0006000000000000001
11712.SUBJECT17.STOOL.249	0.0338	0.0	0.0	0.311	0.0012000000000000001	0.654
11713.11.F.11D	0.0196	0.010199999999999999	0.2966	0.0686	0.0012000000000000001	0.6037999999999999
11712.SUBJECT27.SKIN.580	0.9297999999999998	0.01	0.05740000000000001	0.0004	0.0014	0.001
11713.14.F.14B	0.044	0.0054	0.8110000000000002	0.09639999999999999	0.0044	0.0388
11712.SUBJECT3.SKIN.634	0.0012000000000000001	0.0054	0.9749999999999999	0.0002	0.0012000000000000001	0.017
11712.SUBJECT28.ORAL.585	0.32480000000000003	0.08999999999999998	0.14699999999999996	0.0656	0.0142	0.3584
11712.SUBJECT23.ORAL.483	0.0002	0.9888	0.009600000000000001	0.001	0.0002	0.0002
11712.SUBJECT1.SKIN.12	0.0002	0.005	0.8224	0.0006000000000000001	0.0002	0.17159999999999997
11712.SUBJECT4.SKIN.851	0.008799999999999999	0.277	0.4128	0.10540000000000001	0.0006000000000000001	0.19539999999999996
11712.SUBJECT42.STOOL.1018	0.3984	0.0016	0.004000000000000001	0.4574000000000001	0.0018000000000000002	0.13680000000000003
11713.10.S.10D	0.0016	0.0002	0.9016	0.008600000000000002	0.004000000000000001	0.08399999999999999
11712.SUBJECT14.STOOL.136	0.0066	0.0004	0.006	0.0002	0.9574	0.0294
11713.8.F.8E	0.2628	0.0006000000000000001	0.5324000000000001	0.0	0.001	0.2032
11712.SUBJECT26.ORAL.560	0.9949999999999999	0.0	0.0032	0.0	0.0018000000000000002	0.0
11713.15.S.15B	0.0	0.004800000000000001	0.3666	0.055400000000000005	0.0002	0.573
11712.SUBJECT41.SKIN.953	0.5538000000000001	0.0452	0.39820000000000005	0.0008	0.0018000000000000002	0.0002
11712.SUBJECT35.SKIN.761	0.0014	0.011399999999999997	0.9766	0.0006000000000000001	0.0012000000000000001	0.0088
11713.10.O.10C	0.0018000000000000002	0.0008	0.9856	0.007000000000000001	0.0018000000000000002	0.003
11713.13.O.13A	0.0016	0.0018000000000000002	0.08679999999999999	0.0868	0.0002	0.8228
11713.16.O.16G	0.012	0.0002	0.6532	0.0794	0.001	0.2542
11713.18.F.18D	0.0004	0.0008	0.9966000000000002	0.0	0.002	0.0002
11713.3.F.3C	0.02	0.0026	0.2084	0.07320000000000002	0.0004	0.6954
11712.SUBJECT42.STOOL.1016	0.5332	0.0012000000000000001	0.0018000000000000002	0.4524	0.0016	0.0098
11712.SUBJECT17.ORAL.202	0.0106	0.288	0.2952	0.04619999999999999	0.27699999999999997	0.08299999999999999
11712.SUBJECT8.STOOL.1165	0.9982	0.0006000000000000001	0.0004	0.0004	0.0004	0.0
11712.SUBJECT14.STOOL.138	0.030000000000000006	0.0	0.0002	0.0012000000000000001	0.002	0.9665999999999999
11712.SUBJECT19.SKIN.351	0.0048000000000000004	0.0068000000000000005	0.8724000000000001	0.007200000000000001	0.004600000000000002	0.1042
11712.SUBJECT21.SKIN.451	0.001	0.0	0.9978	0.0	0.0012000000000000001	0.0
11713.20.F20B	0.0	0.0084	0.0484	0.08819999999999999	0.0004	0.8545999999999999
11713.3.F.3D	0.0006000000000000001	0.008199999999999999	0.9896	0.0	0.0008	0.0008
11712.SUBJECT42.ORAL.986	0.8863999999999999	0.0108	0.0818	0.016800000000000002	0.0020000000000000005	0.0022
11712.SUBJECT8.STOOL.1162	0.9944	0.0	0.004200000000000001	0.0	0.0012000000000000001	0.0002
11712.SUBJECT24.SKIN.518	0.001	0.05800000000000001	0.9353999999999999	0.0002	0.0024000000000000007	0.003
11713.1.S.1E	0.0002	0.0008	0.9463999999999999	0.0	0.0006000000000000001	0.052000000000000005
11712.SUBJECT16.ORAL.160	0.0002	0.9087999999999999	0.0898	0.0	0.0012000000000000001	0.0
11712.SUBJECT12.STOOL.95	0.9952	0.0	0.0018000000000000002	0.0024000000000000007	0.0006000000000000001	0.0
11712.SUBJECT41.SKIN.954	0.0066	0.6077999999999999	0.331	0.0012000000000000001	0.0082	0.04519999999999999
11712.SUBJECT25.ORAL.529	0.11680000000000001	0.020199999999999996	0.029400000000000003	0.6494	0.004400000000000001	0.1798
11713.10.O.10D	0.007000000000000001	0.0008	0.8092	0.032400000000000005	0.012	0.1386
11713.15.O.15B	0.019999999999999997	0.0184	0.277	0.1342	0.0006000000000000001	0.5498000000000001
11713.18.F.18C	0.007400000000000001	0.0008	0.9046	0.07859999999999999	0.0032	0.0054
11713.21.S.21A	0.013000000000000001	0.013000000000000001	0.295	0.09479999999999998	0.0054	0.5788
11713.22.S.22C	0.015	0.0048000000000000004	0.6265999999999999	0.08579999999999999	0.008199999999999999	0.2596
11712.SUBJECT18.ORAL.276	0.0002	0.0004	0.9942	0.0	0.0014	0.0038
11712.SUBJECT43.ORAL.1043	0.9076000000000001	0.0	0.08259999999999999	0.0020000000000000005	0.007400000000000001	0.0004
11713.4.S.4F	0.0002	0.0	0.9386000000000001	0.0	0.0012000000000000001	0.06000000000000001
11712.SUBJECT24.ORAL.512	0.0004	0.9869999999999999	0.0118	0.0006000000000000001	0.0002	0.0
11712.SUBJECT16.ORAL.155	0.1488	0.19339999999999996	0.34880000000000005	0.09919999999999998	0.018000000000000002	0.19179999999999997
11712.SUBJECT35.STOOL.768	0.9909999999999999	0.0024000000000000002	0.0046	0.0	0.002	0.0
11713.3.O.3B	0.040799999999999996	0.006799999999999999	0.05700000000000001	0.19439999999999996	0.037599999999999995	0.6634
11712.SUBJECT26.SKIN.563	0.022	0.0314	0.3852	0.005200000000000001	0.3348	0.22139999999999999
11713.20.F.20A	0.013600000000000001	0.0024000000000000007	0.0128	0.15719999999999998	0.0004	0.8135999999999999
11712.SUBJECT20.SKIN.411	0.011	0.0256	0.7438	0.0062	0.0020000000000000005	0.21139999999999998
11712.SUBJECT6.STOOL.1101	0.011800000000000001	0.9611999999999998	0.006	0.0026	0.0002	0.0182
11712.SUBJECT18.SKIN.298	0.0020000000000000005	0.0356	0.9452	0.0012000000000000001	0.0016	0.0144
11712.SUBJECT7.SKIN.1108	0.0	0.0002	0.17339999999999997	0.017400000000000002	0.0002	0.8088000000000001
11712.SUBJECT41.SKIN.961	0.0038000000000000004	0.0504	0.6656000000000001	0.004000000000000001	0.004000000000000001	0.2722
11712.SUBJECT9.ORAL.1171	0.018199999999999997	0.17359999999999995	0.6792	0.007200000000000001	0.010199999999999999	0.1116
11712.SUBJECT12.SKIN.79	0.038000000000000006	0.0144	0.5374000000000001	0.1242	0.0968	0.18919999999999998
11712.SUBJECT26.SKIN.564	0.0424	0.016999999999999998	0.5154	0.001	0.07699999999999999	0.3472
11713.3.O.3E	0.0036000000000000003	0.004000000000000001	0.7272000000000001	0.024999999999999998	0.08419999999999998	0.15599999999999997
11712.SUBJECT38.ORAL.806	0.0004	0.9782	0.0214	0.0	0.0	0.0
11712.SUBJECT8.ORAL.1132	0.5711999999999999	0.045	0.382	0.0006000000000000001	0.0012000000000000001	0.0
11713.21.S.21F	0.0008	0.0008	0.991	0.0002	0.0016	0.005600000000000001
11712.SUBJECT34.STOOL.750	0.993	0.001	0.0038	0.0002	0.002	0.0
11713.22.S.22D	0.0002	0.0002	0.9944000000000001	0.0002	0.0038000000000000004	0.0012000000000000001
11712.SUBJECT31.STOOL.710	0.7376	0.18319999999999997	0.024599999999999993	0.0006000000000000001	0.048799999999999996	0.005200000000000001
11712.SUBJECT37.ORAL.788	0.0008	0.0014	0.7249999999999999	0.0002	0.0	0.27260000000000006
11712.SUBJECT8.STOOL.1150	0.9892	0.0036000000000000003	0.0026000000000000003	0.0046	0.0	0.0
11713.4.S.4A	0.017599999999999998	0.0020000000000000005	0.2138	0.1234	0.0018000000000000002	0.6414000000000001
11712.SUBJECT22.ORAL.469	0.0	0.6096	0.0024000000000000002	0.0	0.0	0.388
11713.22.O.22C	0.0004	0.0002	0.5412	0.0002	0.0004	0.45760000000000006
11712.SUBJECT30.ORAL.657	0.07419999999999999	0.035199999999999995	0.23099999999999996	0.017799999999999996	0.0162	0.6256
11712.SUBJECT23.STOOL.502	0.0006000000000000001	0.1238	0.0004	0.0012000000000000001	0.0	0.8739999999999999
11712.SUBJECT38.ORAL.808	0.0006000000000000001	0.8486	0.14859999999999998	0.0006000000000000001	0.0014	0.0002
11712.SUBJECT1.ORAL.6	0.0022000000000000006	0.9193999999999999	0.07799999999999999	0.0	0.0004	0.0
11712.SUBJECT18.SKIN.291	0.001	0.0018000000000000002	0.7572000000000001	0.0032	0.09979999999999999	0.137
11713.8.O.8C	0.08439999999999999	0.014000000000000002	0.303	0.09299999999999999	0.008400000000000001	0.49720000000000003
11712.SUBJECT41.STOOL.963	0.9994	0.0006000000000000001	0.0	0.0	0.0	0.0
11712.SUBJECT23.SKIN.489	0.0027999999999999995	0.005200000000000001	0.9397999999999997	0.0024000000000000002	0.0002	0.04959999999999999
11712.SUBJECT13.STOOL.114	0.8148000000000002	0.004400000000000001	0.1008	0.0008	0.039999999999999994	0.0392
11712.SUBJECT26.ORAL.555	0.014400000000000001	0.008200000000000002	0.5462	0.023799999999999998	0.007600000000000001	0.39980000000000004
11712.SUBJECT43.SKIN.1061	0.14140000000000003	0.09539999999999998	0.3166	0.08799999999999998	0.0002	0.35839999999999994
11712.SUBJECT9.SKIN.1185	0.0002	0.0046	0.43339999999999995	0.007000000000000001	0.12179999999999999	0.433
11713.22.O.22D	0.35079999999999995	0.0006000000000000001	0.6282	0.008200000000000002	0.0034000000000000002	0.008800000000000002
11712.SUBJECT19.STOOL.371	0.3552	0.5801999999999998	0.016999999999999998	0.005000000000000001	0.0004	0.0422
11712.SUBJECT35.STOOL.766	0.9646000000000001	0.0002	0.0306	0.0	0.004	0.0006000000000000001
11712.SUBJECT23.STOOL.505	0.1342	0.10800000000000001	0.0014	0.0014	0.0032	0.7517999999999999
11712.SUBJECT40.STOOL.927	0.0002	0.0024000000000000002	0.017	0.0	0.0002	0.9802000000000002
11712.SUBJECT1.ORAL.1	0.001	0.024	0.6452	0.0004	0.0006000000000000001	0.32880000000000004
11713.8.O.8D	0.027600000000000003	0.0016	0.34779999999999994	0.08359999999999998	0.001	0.5384
11712.SUBJECT18.SKIN.296	0.0002	0.0016	0.9913999999999998	0.0008	0.0012000000000000001	0.0048000000000000004
11712.SUBJECT25.STOOL.551	0.9364000000000001	0.0014	0.002	0.057800000000000004	0.0024000000000000002	0.0
11713.5.F.5A	0.8406	0.005400000000000001	0.019	0.009999999999999998	0.0	0.125
11712.SUBJECT28.STOOL.600	0.9974000000000001	0.0	0.0022000000000000006	0.0	0.0004	0.0
11712.SUBJECT15.SKIN.149	0.001	0.0678	0.0452	0.0036000000000000003	0.8736	0.008799999999999999
11712.SUBJECT37.ORAL.790	0.0024000000000000002	0.177	0.6804	0.0002	0.0026000000000000003	0.13740000000000002
11712.SUBJECT20.ORAL.396	0.001	0.9852000000000001	0.0118	0.0020000000000000005	0.0	0.0
11713.22.F.22E	0.0008	0.0004	0.9962	0.0	0.0020000000000000005	0.0006000000000000001
11712.SUBJECT28.SKIN.599	0.0	0.0024000000000000002	0.8459999999999999	0.0024000000000000002	0.0202	0.129
11712.SUBJECT20.STOOL.424	0.985	0.0004	0.006	0.0004	0.0021999999999999997	0.006
11712.SUBJECT18.ORAL.269	0.011799999999999998	0.0458	0.7165999999999999	0.0006000000000000001	0.047799999999999995	0.17739999999999995
11712.SUBJECT16.STOOL.193	0.6426000000000001	0.0022	0.2166	0.0	0.007000000000000001	0.13160000000000002
11712.SUBJECT34.STOOL.748	0.9918000000000001	0.0004	0.0042	0.0004	0.0032	0.0
11712.SUBJECT30.ORAL.641	0.0020000000000000005	0.0006000000000000001	0.9914	0.0018000000000000002	0.004200000000000001	0.0
11712.SUBJECT21.ORAL.443	0.0027999999999999995	0.9537999999999999	0.023	0.004999999999999999	0.014600000000000002	0.0008
11712.SUBJECT9.ORAL.1169	0.018000000000000006	0.1078	0.6828000000000001	0.007800000000000001	0.0772	0.10639999999999998
11712.SUBJECT25.SKIN.540	0.0042	0.0004	0.9904	0.0002	0.0034000000000000002	0.0014
11713.5.S.5F	0.001	0.0006000000000000001	0.9942	0.0	0.0020000000000000005	0.0021999999999999997
11712.SUBJECT6.STOOL.1097	0.9833999999999999	0.001	0.008000000000000002	0.0026000000000000007	0.0012000000000000001	0.0038
11712.SUBJECT34.SKIN.742	0.0024000000000000007	0.0016	0.9342	0.0002	0.05840000000000001	0.0032000000000000006
11712.SUBJECT11.SKIN.59	0.0021999999999999997	0.0128	0.8714000000000001	0.0012000000000000001	0.008200000000000002	0.1042
11712.SUBJECT31.ORAL.699	0.002	0.0092	0.5816	0.028000000000000004	0.2286	0.15059999999999998
11712.SUBJECT25.STOOL.547	0.724	0.003	0.04519999999999999	0.0008	0.0334	0.19359999999999997
11713.25.S.25F	0.001	0.0006000000000000001	0.9813999999999998	0.0026000000000000007	0.002	0.012399999999999998
11712.SUBJECT7.SKIN.1110	0.0014	0.0028000000000000004	0.9932000000000001	0.0	0.0026000000000000003	0.0
11712.SUBJECT42.SKIN.994	0.0172	0.07619999999999999	0.7988000000000002	0.013999999999999999	0.049199999999999994	0.044599999999999994
11712.SUBJECT36.SKIN.777	0.0020000000000000005	0.06060000000000001	0.711	0.0012000000000000001	0.0002	0.22500000000000003
11712.SUBJECT30.ORAL.646	0.0028000000000000004	0.0106	0.9842000000000001	0.0006000000000000001	0.0016	0.0002
11712.SUBJECT19.STOOL.367	0.08719999999999999	0.9007999999999999	0.007400000000000001	0.0016	0.0016	0.0014
11712.SUBJECT20.SKIN.409	0.0030000000000000005	0.24619999999999997	0.2112	0.001	0.0002	0.5384
11712.SUBJECT16.SKIN.172	0.0086	0.0306	0.6648	0.019999999999999997	0.1478	0.1282
11712.SUBJECT20.ORAL.391	0.0002	0.0008	0.9308000000000002	0.0024000000000000007	0.0002	0.06560000000000002
11712.SUBJECT21.ORAL.438	0.026999999999999996	0.055200000000000006	0.8244000000000001	0.0010000000000000002	0.0032000000000000015	0.0892
11712.SUBJECT19.ORAL.338	0.001	0.9810000000000001	0.017800000000000003	0.0	0.0002	0.0
11712.SUBJECT20.STOOL.423	0.4338000000000001	0.5568	0.007799999999999999	0.0012000000000000001	0.0002	0.0002
11712.SUBJECT16.STOOL.194	0.835	0.0	0.05319999999999999	0.0	0.0086	0.1032
11712.SUBJECT41.ORAL.946	0.0002	0.9896	0.0094	0.0	0.0	0.0008
11712.SUBJECT34.SKIN.739	0.008000000000000002	0.0262	0.9054	0.0002	0.0030000000000000005	0.05720000000000001
11712.SUBJECT4.ORAL.844	0.007400000000000001	0.9656000000000002	0.026000000000000006	0.0004	0.0002	0.0004
11712.SUBJECT25.STOOL.549	0.46000000000000013	0.0	0.0028000000000000004	0.5346	0.0026000000000000003	0.0
11712.SUBJECT36.SKIN.779	0.016600000000000004	0.17519999999999997	0.5402000000000001	0.005399999999999999	0.0006000000000000001	0.262
11712.SUBJECT1.STOOL.25	0.6394000000000001	0.0	0.0006000000000000001	0.0	0.0004	0.35960000000000003
11712.SUBJECT19.STOOL.369	0.6178000000000001	0.36819999999999997	0.012399999999999998	0.001	0.0004	0.0002
11712.SUBJECT30.ORAL.648	0.003	0.3330000000000001	0.6634000000000001	0.0	0.0006000000000000001	0.0
11712.SUBJECT20.SKIN.407	0.0020000000000000005	0.013600000000000001	0.7628	0.012	0.013000000000000001	0.19659999999999997
11712.SUBJECT10.SKIN.39	0.0	0.0008	0.8821999999999999	0.0004	0.0	0.11660000000000001
11712.SUBJECT14.SKIN.132	0.007400000000000001	0.0092	0.9803999999999998	0.0004	0.0014	0.0012000000000000001
11712.SUBJECT2.SKIN.384	0.0016	0.0568	0.8370000000000001	0.0004	0.011	0.09319999999999998
11713.1.O.1C	0.0002	0.0062	0.5344	0.08779999999999998	0.007599999999999998	0.3638
11713.20.O.20G	0.0024000000000000007	0.0	0.9687999999999999	0.001	0.0020000000000000005	0.0258
11712.SUBJECT7.STOOL.1113	0.0	0.9949999999999999	0.004200000000000001	0.0006000000000000001	0.0	0.0002
11712.SUBJECT23.SKIN.496	0.0014	0.0004	0.9928000000000001	0.0	0.0034000000000000002	0.002
11712.SUBJECT19.ORAL.336	0.0	0.9870000000000001	0.011800000000000001	0.001	0.0	0.0002
11712.SUBJECT21.ORAL.436	0.13640000000000002	0.13040000000000002	0.13940000000000002	0.14539999999999997	0.22360000000000002	0.22480000000000003
11712.SUBJECT38.STOOL.821	0.06020000000000001	0.9292000000000001	0.007400000000000001	0.0008	0.0024000000000000002	0.0
11712.SUBJECT3.ORAL.621	0.009	0.09559999999999999	0.48180000000000006	0.001	0.001	0.41159999999999997
11712.SUBJECT10.SKIN.45	0.0002	0.0004	0.9940000000000001	0.0	0.0054	0.0
11713.4.F.4F	0.4344	0.0	0.4024	0.0002	0.0068000000000000005	0.15619999999999998
11712.SUBJECT40.SKIN.905	0.001	0.0024000000000000002	0.9805999999999999	0.0002	0.004399999999999999	0.011399999999999999
11712.SUBJECT34.SKIN.737	0.15699999999999997	0.062	0.741	0.0008	0.01	0.029200000000000004
11712.SUBJECT2.SKIN.383	0.0008	0.0008	0.7948000000000002	0.001	0.004600000000000001	0.19799999999999998
11713.25.O.25F	0.0022000000000000006	0.0014	0.08559999999999998	0.06999999999999999	0.0002	0.8406
11712.SUBJECT7.STOOL.1114	0.0006000000000000001	0.998	0.0004	0.001	0.0	0.0
11712.SUBJECT23.SKIN.491	0.0004	0.01	0.1038	0.0	0.004200000000000001	0.8816
11712.SUBJECT3.ORAL.626	0.013600000000000001	0.9714	0.013999999999999999	0.0006000000000000001	0.0004	0.0
11712.SUBJECT38.STOOL.826	0.8290000000000001	0.05800000000000001	0.09579999999999998	0.0027999999999999995	0.0006000000000000001	0.013800000000000002
11712.SUBJECT28.SKIN.597	0.0004	0.005	0.8432000000000001	0.0002	0.027800000000000002	0.1234
11712.SUBJECT40.SKIN.902	0.0076	0.40140000000000003	0.2712	0.0258	0.0186	0.2754
11713.4.F.4A	0.22840000000000002	0.0108	0.3768	0.08959999999999999	0.0026000000000000003	0.29179999999999995
11712.SUBJECT10.SKIN.42	0.0012000000000000001	0.0024000000000000007	0.9946000000000002	0.0	0.0014	0.0004
11712.SUBJECT34.STOOL.746	0.9954000000000001	0.0	0.0034000000000000002	0.0	0.0012000000000000001	0.0
11712.SUBJECT4.ORAL.843	0.009	0.9687999999999999	0.014800000000000002	0.0022000000000000006	0.0020000000000000005	0.0032
11712.SUBJECT31.ORAL.690	0.0004	0.0032	0.8949999999999999	0.0002	0.011199999999999998	0.08999999999999998
11712.SUBJECT10.STOOL.52	0.04739999999999999	0.8948	0.014799999999999999	0.0020000000000000005	0.0026000000000000003	0.0384
11712.SUBJECT1.STOOL.22	0.5168	0.12919999999999998	0.2198	0.041999999999999996	0.0006000000000000001	0.09159999999999999
11712.SUBJECT13.SKIN.111	0.009	0.19659999999999997	0.4556	0.007000000000000001	0.1676	0.16419999999999996
11712.SUBJECT9.ORAL.1167	0.3496	0.5122	0.03899999999999999	0.0058	0.0026	0.09079999999999998
11712.SUBJECT11.SKIN.57	0.0016	0.047799999999999995	0.6978	0.0004	0.0162	0.23620000000000002
11712.SUBJECT6.STOOL.1099	0.0254	0.13000000000000003	0.687	0.0018000000000000002	0.0056	0.15019999999999997
11712.SUBJECT37.STOOL.802	0.11080000000000001	0.0	0.601	0.04239999999999999	0.0022000000000000006	0.24359999999999998
11712.SUBJECT21.SKIN.447	0.032400000000000005	0.1142	0.2754	0.07459999999999999	0.0842	0.4191999999999999
11712.SUBJECT11.ORAL.54	0.0024000000000000007	0.0902	0.6774	0.0002	0.0006000000000000001	0.22920000000000001
11713.3.S.3C	0.023599999999999996	0.0054	0.6188	0.056400000000000006	0.029600000000000005	0.2662
11713.10.F.10E	0.9972	0.0004	0.0021999999999999997	0.0	0.0002	0.0
11712.SUBJECT27.STOOL.581	0.2092	0.013199999999999998	0.027200000000000002	0.0030000000000000005	0.0106	0.7368
11713.16.F.16A	0.003	0.0014	0.6056	0.0548	0.0006000000000000001	0.33460000000000006
11713.18.O.18B	0.09479999999999998	0.024199999999999996	0.11779999999999999	0.09279999999999998	0.0098	0.6606000000000001
11712.SUBJECT27.ORAL.576	0.0	0.9898	0.009800000000000001	0.0	0.0	0.0004
11712.SUBJECT36.ORAL.774	0.0008	0.7316	0.19579999999999997	0.0024000000000000002	0.007000000000000001	0.06240000000000001
11712.SUBJECT29.SKIN.616	0.0008	0.0002	0.9978	0.0	0.0012000000000000001	0.0
11713.1.F.1B	0.0392	0.0092	0.28879999999999995	0.1256	0.003	0.5342
11712.SUBJECT18.STOOL.318	0.005	0.0004	0.9885999999999999	0.0038000000000000004	0.0016	0.0006000000000000001
11712.SUBJECT17.STOOL.251	0.0114	0.0	0.0	0.705	0.0	0.28359999999999996
11713.11.S.11E	0.0062	0.0008	0.9568000000000001	0.0004	0.0016	0.0342
11713.17.S.17A	0.007000000000000001	0.0194	0.5542	0.087	0.0004	0.332
11713.14.S.14C	0.0020000000000000005	0.0006000000000000001	0.9937999999999999	0.0	0.0026000000000000007	0.001
11713.1.F.1E	0.009999999999999998	0.0006000000000000001	0.9446	0.015200000000000002	0.0018000000000000002	0.027800000000000002
11712.SUBJECT30.STOOL.682	0.12999999999999998	0.7642	0.018200000000000004	0.0002	0.0018000000000000002	0.08559999999999998
11712.SUBJECT2.STOOL.390	0.0106	0.8098000000000001	0.17159999999999995	0.0018000000000000002	0.001	0.005200000000000001
11712.SUBJECT26.STOOL.568	0.991	0.0	0.0062	0.0002	0.0022	0.0004
11712.SUBJECT8.ORAL.1116	0.019399999999999997	0.9286	0.04939999999999999	0.0004	0.001	0.0012000000000000001
11713.11.S.11B	0.0006000000000000001	0.0	0.9950000000000001	0.0006000000000000001	0.002	0.0018000000000000002
11712.SUBJECT40.ORAL.886	0.0	0.9866000000000001	0.0126	0.0	0.0002	0.0006000000000000001
11713.17.S.17F	0.0014	0.0006000000000000001	0.9757999999999998	0.0	0.005	0.0172
11713.14.S.14D	0.08279999999999998	0.010199999999999999	0.3302	0.536	0.007000000000000001	0.03380000000000001
11712.SUBJECT11.ORAL.53	0.0030000000000000005	0.0208	0.8552	0.0008	0.0006000000000000001	0.11960000000000001
11713.10.F.10B	0.441	0.0094	0.09939999999999999	0.05740000000000001	0.002	0.3908
11712.SUBJECT42.ORAL.990	0.0032	0.7352000000000001	0.25880000000000003	0.0012000000000000001	0.0016	0.0
11713.15.F.15D	0.0	0.0008	0.6866	0.0	0.001	0.3116
11712.SUBJECT8.SKIN.1146	0.0548	0.004	0.5986	0.0044	0.272	0.06620000000000001
11712.SUBJECT36.ORAL.773	0.003999999999999999	0.9008	0.030600000000000006	0.001	0.0004	0.0632
11712.SUBJECT34.ORAL.733	0.0034000000000000002	0.9796000000000001	0.0168	0.0002	0.0	0.0
11712.SUBJECT25.ORAL.531	0.0018000000000000002	0.9847999999999999	0.013000000000000001	0.0	0.0002	0.0002
11712.SUBJECT12.SKIN.82	0.001	0.0006000000000000001	0.9953999999999998	0.0	0.0026000000000000003	0.0004
11712.SUBJECT2.ORAL.380	0.001	0.0036000000000000003	0.8635999999999999	0.0002	0.0004	0.13119999999999998
11713.18.S.18B	0.0024000000000000007	0.0014	0.9757999999999999	0.0088	0.002	0.009600000000000001
11712.SUBJECT38.SKIN.813	0.0008	0.1214	0.8295999999999999	0.0004	0.0016	0.0462
11712.SUBJECT12.ORAL.65	0.0128	0.9750000000000002	0.009600000000000001	0.0020000000000000005	0.0006000000000000001	0.0
11712.SUBJECT4.STOOL.863	0.557	0.2996	0.07099999999999998	0.0019999999999999996	0.0032	0.06720000000000001
11712.SUBJECT42.SKIN.1001	0.0002	0.0	0.9962000000000002	0.0002	0.0032	0.0002
11712.SUBJECT10.ORAL.34	0.0054	0.9548	0.028600000000000004	0.0012000000000000001	0.0002	0.0098
11712.SUBJECT22.SKIN.472	0.0076	0.06039999999999999	0.7709999999999998	0.0002	0.04959999999999999	0.1112
11712.SUBJECT8.SKIN.1148	0.0	0.0	0.9967999999999998	0.0	0.0028000000000000004	0.0004
11712.SUBJECT6.SKIN.1093	0.0	0.008	0.9321999999999999	0.0006000000000000001	0.0002	0.05900000000000001
11713.8.S.8B	0.0008	0.0004	0.9972	0.0	0.0016	0.0
11713.11.O.11E	0.008	0.015200000000000002	0.0748	0.1618	0.0	0.7402
11713.17.O.17A	0.0124	0.0022000000000000006	0.2192	0.18759999999999996	0.0	0.5786
11713.14.O.14C	0.001	0.0	0.8804000000000001	0.0	0.0008	0.11779999999999999
11712.SUBJECT38.SKIN.814	0.0002	0.0024000000000000002	0.9948	0.0	0.0018000000000000002	0.0008
11712.SUBJECT4.STOOL.864	0.0004	0.0008	0.18999999999999997	0.0022000000000000006	0.0038000000000000004	0.8028000000000001
11712.SUBJECT21.SKIN.449	0.0086	0.1692	0.7062000000000002	0.001	0.0010000000000000002	0.11400000000000002
11712.SUBJECT19.SKIN.349	0.0012000000000000001	0.017	0.876	0.0006000000000000001	0.0004	0.1048
11712.SUBJECT9.STOOL.1212	0.0006000000000000001	0.0002	0.9957999999999998	0.0	0.0016	0.0018000000000000002
11712.SUBJECT42.SKIN.1006	0.0002	0.0	0.9916	0.0004	0.007000000000000001	0.0008
11712.SUBJECT43.SKIN.1045	0.0008	0.0024000000000000007	0.9934000000000001	0.0	0.0018000000000000002	0.0016
11712.SUBJECT22.SKIN.475	0.0106	0.044	0.8842000000000001	0.0068000000000000005	0.0032000000000000006	0.0512
11712.SUBJECT10.ORAL.33	0.0106	0.9065999999999999	0.0804	0.0018000000000000002	0.0004	0.0002
11712.SUBJECT6.SKIN.1094	0.0016	0.002	0.9362	0.0	0.004000000000000001	0.05620000000000001
11713.11.O.11B	0.026600000000000002	0.0032	0.2088	0.08679999999999997	0.0021999999999999997	0.6724000000000001
11713.8.S.8E	0.001	0.0004	0.9851999999999999	0.0024000000000000002	0.0018000000000000002	0.0092
11713.17.O.17F	0.074	0.0012000000000000001	0.16999999999999998	0.1166	0.004999999999999999	0.6332
11713.14.O.14D	0.0006000000000000001	0.0	0.9985999999999999	0.0	0.0008	0.0
11712.SUBJECT34.ORAL.734	0.0014	0.9869999999999998	0.0114	0.0002	0.0	0.0
11712.SUBJECT36.STOOL.787	0.03699999999999999	0.852	0.0236	0.0014	0.0038000000000000004	0.0822
11712.SUBJECT18.STOOL.316	0.0004	0.0006000000000000001	0.9968000000000004	0.0002	0.0018000000000000002	0.0002
11712.SUBJECT17.SKIN.225	0.07399999999999998	0.011200000000000002	0.46840000000000004	0.0014	0.2804	0.1646
11713.18.S.18E	0.003	0.0006000000000000001	0.9271999999999998	0.022199999999999998	0.0068000000000000005	0.0402
11712.SUBJECT12.SKIN.85	0.0258	0.050399999999999986	0.8812	0.0006000000000000001	0.0024000000000000002	0.03959999999999999
11712.SUBJECT8.SKIN.1133	0.0012000000000000001	0.0024000000000000007	0.992	0.0	0.0027999999999999995	0.0016